-1380.153267476102
-1316.614321632542
-1319.7183785025065
-1311.9195849407226
-1315.4271072716426
-1308.4572899663845
-1320.4695361330678
-1234.6771929756428
-1121.8518163975177
-1030.5746218869722
-941.1373953960112
-849.522972198908
-755.8306170609432
-710.4856506584222
-636.9793746305941
-582.0482950908101
-520.9586912507679
-473.24187529276463
-437.8252373346076
-386.43522312770756
-339.052717284602
-329.4549909520638
-291.0232437090187
-348.49756158141366
-310.64749587934915
-330.3327553536603
-295.8531752860416
-277.2211863900016
-261.3775750280229
-224.67575541523553
-194.99116310448557
-170.57971975266386
-149.18250241119932
-125.8217423329898
-139.76183642927668
-138.25469658398995
-111.72364535042387
-98.65322859288106
-75.3691772174401
-52.894217857536425
-48.08204244702587
-102.38110658730756
-102.68494178883495
-81.93384337134914
-114.60016438935529
-108.01754321411254
-226.13099280964735
-195.38023243376637
-165.84526203583417
-143.63698098658466
-134.0423849320999
-113.23456106049576
-106.49533499666283
-108.90465140424222
-105.45675491243537
-79.26945078904686
-79.84369645588707
-105.57846308060479
-106.84754663380224
-117.69205949106264
-142.95314487945467
-116.71855031479683
-87.47264905093243
-71.81642244013607
-65.55683156140947
-50.31532775963844
-39.08603695658724
-21.703128784552266
-9.440190744218363
10.494470486121235
14.945417077751944
5.582965234111425
-3.5085189075877317
-6.454918382146785
-123.81431045713795
-135.78341066185072
-131.78216357481008
-110.32500448178217
-89.17313449818096
-64.05953596609774
-53.65934989687996
-90.45741806989673
-85.75849228225535
-63.99647268918302
-68.56599248533362
-44.57561723212704
-41.239659946531624
-26.93323595739627
-18.512812180878754
-8.417004083261181
-3.588726255532392
-17.59900035786007
-11.245053193904766
-17.97290817798739
-11.354332948064458
-1.3360252557967147
11.474039074823601
6.596935057094498
8.371108280908869
-9.635321216399817
3.4125582241996018
8.697360844950932
10.765073964396457
14.350488687830257
22.821762577127956
27.760207338993744
19.26144968275345
21.031799306995854
29.647566735700565
35.947588044542094
40.59260237252168
53.96793310066192
56.72412017088342
38.57421534497304
39.037153908858144
46.9716717970926
29.425338904372268
37.14362272788664
40.16021133809705
45.25085480946288
41.04016443253077
44.0595526072938
45.08658062572073
-16.375119710239105
-28.25373493440437
-79.48581019034926
-71.52734011074844
-74.82724128759801
-56.430619793251964
-39.48987546245692
-29.252620077006213
-31.19345697143578
-14.746288553522659
-1.909819329467826
12.29527752630812
15.353215390965673
15.799218455365201
15.106248899804495
21.11120749481525
-12.50860711422968
-24.402866924645906
-3.014669387566844
7.767717078129598
24.71267411813348
28.09799450270098
9.648557921435232
5.388629133150154
19.69891469048699
15.58887444860771
-1.9631114690419462
1.8871565020618182
13.43259491626059
-13.97935165271897
-6.6062044436277
-22.17140895726495
-7.630685292646028
-23.52442958282424
-12.607259178305782
-2.2725099598938883
-76.9478138114449
-103.63105312617792
-120.78942905662477
-252.948571018655
-369.2682437606587
-333.26242301291404
-290.9308162561509
-280.1888172742004
-272.6174259966034
-287.4681972483004
-246.16644001613435
-203.45931825576852
-200.9489925663962
-176.18204247871975
-164.39738718241838
-152.76973784903063
-153.7220562907151
-191.8186842231816
-178.81901563031084
-150.06319215392722
-138.17588577605923
-120.43209167772396
-100.67585410981607
-82.00993484793581
-74.24872592436449
-73.51196902514965
-55.733093946942844
-56.710041825959486
-44.81931559438572
-47.70419659666055
-45.085097047787634
-37.34165779054107
-39.446676218011
-20.547975276476684
-29.10616654514147
-21.84357231799287
-72.42742554279613
-75.1864544855178
-74.58495865230817
-58.778613787216585
-84.86352425433745
-96.00162906227693
-91.45284958044947
-70.06652339821348
-70.74264128390094
-89.73074041405371
-88.58179719180224
-99.38092092702134
-86.16872311620553
-95.6492752704128
-91.564381317467
-88.3561470582101
-83.4958878835327
-158.4448160957314
-204.72263007804986
-187.3741074313251
-166.48707628807315
-139.86961130400505
-186.91503428037413
-227.91466348375482
-188.80885378468923
-162.71711109529053
-189.3454774200231
-230.81663795608088
-201.67189011130583
-258.36497821489985
-215.1359072494832
-180.2892569372998
-176.2625883454049
-207.52075601881606
-182.78237976029223
-201.3699944197063
-204.44783755978895
-165.12645017771285
-184.09533379633734
-194.30597160961025
-190.63475460297317
-154.20815877512084
-123.18747312406511
-137.49277595484313
-115.09399291360265
-115.99359670758258
-103.9249277024815
-142.95153349074002
-110.51065953987094
-94.29813733559415
-157.71169671969636
-126.78099516245865
-161.14894343934355
-198.37551549678304
-169.79170201052423
-172.73008805233718
-145.02411847754493
-127.23988712101462
-255.7508115259909
-278.37789953386743
-259.93853041806
-235.6848939207698
-257.73749222335124
-219.7366807631295
-244.31527684161145
-223.7242910944993
-192.4068988841136
-255.21163364885504
-225.16107833051453
-198.6965730607707
-217.67779163445684
-208.80084892658343
-198.1198328901096
-164.98341662091227
-148.69800745461447
-123.8316270826607
-148.56292308927806
-121.6719294429488
-101.83706365276319
-110.57632976840843
-95.89721781775549
-151.9642943301959
-147.86576386077985
-166.59504457952548
-189.3493311673583
-173.41491909374795
-153.58127897888437
-155.74080212101325
-160.86244241449782
-132.63250029887382
-119.06405299772969
-106.74605074021417
-123.81009394379619
-128.03159109804915
-113.97045846265786
-106.99054614569398
-119.41220805415571
-93.13823047211204
-106.73549398071475
-116.27583097061654
-91.37379845727536
-72.6344374950285
-162.68756048309427
-191.7536128185655
-170.28827945203017
-164.42925791183177
-146.46931726264873
-124.86904487926067
-260.9439577082644
-380.87337715646674
-354.0527995202856
-407.1767689130478
-364.13648892551197
-332.4374196522356
-323.49593741725226
-348.5671337467355
-311.23205976472497
-276.33208290759825
-237.17115908546958
-286.9931101647266
-267.288600358066
-233.3057505987863
-212.75669176429568
-197.36864825077845
-188.81686859156613
-188.82373402936878
-174.7634819461577
-191.20463507071042
-153.55744228782743
-135.26454868558184
-120.4297357260383
-109.7015526626529
-99.00131389885755
-153.1852775529507
-129.85490607241158
-107.20855253825249
-168.1165543206934
-196.1229926422025
-194.32219155322886
-175.2523875761443
-152.43199259854856
-134.25914253278432
-188.99608147164776
-170.43984424653598
-139.15564096271055
-121.60143096177973
-121.48608137595468
-107.02689458070343
-98.21334462181882
-96.5089349727856
-116.47724098050332
-115.86058196144398
-88.37322091041295
-121.6505401094616
-140.43627028866584
-111.86756191749296
-84.11713990410604
-84.90463311292078
-72.26448104271488
-59.026138218079105
-46.70822245089397
-38.56362410839314
-48.08276754600362
-24.606069815401494
-31.404084574948115
-51.80795878493501
-37.23734596130315
-14.637331891632112
-30.293683348264782
-18.698671890547654
1.4410232847890114
-46.307338078157436
-57.80434595505295
-88.33208023770315
-94.78171342054756
-69.40048432941867
-68.87903628104024
-75.40589304825116
-52.51198062260094
-98.99616643392758
-108.08906630750772
-114.78211207510572
-97.57404281881392
-88.13572083613239
-167.82714698946955
-159.7215322750289
-162.07092654486954
-136.96657123795922
-127.82074510319548
-104.53192707778435
-234.89705080278836
-196.86585467966418
-171.8708400316899
-152.71514882609682
-135.90393722354833
-118.77743920196383
-155.8043736913355
-156.01374669012736
-156.88820208902655
-137.44180235696365
-182.0902552334739
-146.8064320980696
-121.71809648623051
-161.9920985077011
-142.8001958627997
-177.27696014870867
-162.56203772675175
-140.44902860425708
-157.31704426892944
-150.91924604359434
-142.83430707248408
-113.13117442344075
-103.1897607582269
-133.25084061890124
-133.770477416168
-121.06771607743902
-155.88947305503717
-157.21113151049306
-133.72476957043136
-106.14105600215129
-91.62082583284729
-73.91222265916777
-60.49486510378037
-36.820826089229776
-51.46243883401782
-41.74717088654397
-75.51332052898486
-73.18953665079765
-57.53502801096877
-51.3809423675587
-32.291896670008924
-27.101415908275612
-30.672367854296105
-18.294598310354186
-18.439146567181997
-24.042302379385923
-4.726811000843778
6.3353478191978745
4.883193993016139
3.0043425131146453
-40.729376365499
-28.33745450697264
-10.287743410838676
-110.58286626588854
-86.44740632854572
-122.30527305134918
-136.3005927668146
-150.81048643022046
-182.23102335835642
-167.1802605483128
-192.88069506569366
-182.18548120436208
-169.9288238044516
-145.6936817584242
-147.87886985420172
-141.53433637701715
-127.481610241789
-148.75581755233887
-132.4229761112378
-109.26117392577308
-136.35578359027772
-127.01789077434202
-150.82525886108
-278.0244142763164
-246.01374372970847
-236.84197595026194
-231.48343538353808
-212.79306596651833
-178.18537228178064
-152.53693209359326
-148.82212478718742
-122.99077582216185
-122.04685344379865
-143.36879753389812
-138.17997308963632
-136.101752567983
-119.18402968974719
-125.4031277723493
-108.39642218554197
-101.29828821871635
-87.57114135259468
-75.05339661049415
-49.59082831237535
-30.445185819284156
-86.85281986533842
-97.76178102273704
-76.77592194213025
-88.5776301815715
-128.76664146576468
-152.79724519815647
-132.6935731355936
-108.36579864655782
-164.33561541560118
-155.493072714994
-119.43385474432372
-106.1432757711753
-100.2500252119112
-99.95156199271784
-118.44701040453845
-113.3910342284828
-102.47421295966079
-98.77791549017812
-118.91018256775756
-123.38284571551702
-103.89945940888725
-89.7855197782516
-79.8758959298273
-75.75762436970021
-68.50329777179765
-55.527175971428825
-91.03470055002865
-80.25846533553369
-78.49898937160592
-65.4371956638885
-49.6469667243227
-51.54199626991263
-102.13332386627584
-105.43671113737058
-113.5135982265199
-104.85090888059129
-93.15876231336429
-72.93125771756421
-99.17619293938566
-113.80580831795709
-92.94787090121253
-81.3602412147355
-74.96000850320452
-52.6020185076741
-96.99774440234906
-108.65823551793646
-103.51131299049071
-86.83768714308948
-162.43268957005276
-182.47694022172624
-152.14241685947383
-177.41409800810953
-152.70982582313795
-135.17483296032034
-107.7752525041736
-179.12577391411418
-163.49104347370536
-150.58454993575273
-126.59782769837673
-112.89066489416733
-97.98078570277673
-88.19452409829954
-99.68628428520444
-91.27565722395462
-84.52027839168146
-83.62676823307666
-147.28895642457553
-165.60013637253587
-148.94891971537794
-218.66344391371763
-185.74164131780395
-148.88469156532028
-158.32498215699667
-153.91155658495353
-147.31370568211307
-123.85972249555435
-108.37651469537765
-157.75038780037033
-139.11315228331802
-107.71906064002769
-84.8871820125077
-77.1428825863653
-78.54149264008056
-58.166326738909255
-69.73622373706947
-61.98540394356199
-50.52637613129558
-50.87197876768614
-32.66012062657762
-18.05709748546344
-19.204659239347457
-10.867690529709584
-5.923710134027632
10.063313000443845
21.92250261108729
1.8046562815902085
7.606145653227527
-6.9891024737637775
-8.284203829049765
-1.2742918342821499
6.211902473436931
15.147899737847075
34.17912865931903
36.585388211431436
40.14831084925984
38.686836179587395
43.03375003741706
9.43790620949974
-26.674429220861768
-15.897703954395473
-14.443988826986557
-38.294051321254116
-20.752618838701068
-50.227770248402486
-121.74640559481789
-89.15892693346669
-81.3628485497485
-77.11125250835173
-63.285578737502725
-49.006262801607555
-57.373676185723156
-51.78242714251386
-65.2832415487228
-60.68605730890388
-159.85233178336657
-140.495115059079
-116.4836216542749
-113.95862079223417
-107.01062237418122
-89.81117763945404
-91.01779741450196
-81.59802300422503
-98.64643549165402
-73.84703391488894
-56.8331579191672
-53.15414117181585
-61.759313884254
-57.21339154771357
-47.367626374551875
-36.13938926215327
-32.33196527792361
-26.306598578794397
-17.489823636644243
-14.807112929570653
-9.723458760418778
-28.763715514190025
-95.49945206971728
-78.06793464625488
-58.46517210065168
-43.72973571614436
-46.996647099359215
-23.28270176746506
-2.0340628917079577
-9.549352414389611
0.6749702501811861
12.94697714601095
-9.818426393061856
0.020890468708156362
14.007365514069344
10.695838600189681
1.9458070232615974
10.079975019330403
2.3917133980260665
-10.980227165301361
-14.708143920560055
5.3666064172066665
-7.289045674806002
-39.61246604018394
-42.24647737664104
-25.24312231538928
-17.493284570104382
-19.359604959707934
-16.02259350809037
-2.1801695589667016
2.1518594847587966
7.148492278767723
-28.554486578502832
-24.8674413027285
-20.492878999051037
-37.25301286264445
-26.669695322112133
-24.9497423563387
-1.6479104654482306
-20.052204483902983
-6.856918402137703
-14.304838913700138
-13.999674600355316
-61.67786297171274
-52.86269236201837
-51.64997126442629
-70.0963823895138
-62.12564666355036
-95.29935215882719
-83.13441987478832
-97.40418135565687
-113.04733356019224
-96.05049975428858
-108.30761539643068
-84.00606453411022
-83.5050517888211
-63.47977752643605
-70.69576251321088
-76.84926629611107
-71.64723528473652
-60.28538669701323
-58.16597212476264
-40.59187307087237
-39.41502887873251
-28.243469194450775
-29.032904042893048
-21.60914591100977
-23.645211273474715
-30.468130543053007
-13.958803071396781
-13.025516339336757
-2.8507003802345263
-10.789588980564819
-31.98011466781584
-43.47171637701511
-28.11488741558963
-6.966374750784411
0.7655382965958859
-59.670596706670615
-51.077368278048084
-68.23254450586379
-48.687305450716735
-36.886266280125824
-32.068124044014056
-17.93893722303488
-31.422244063619274
-32.23571011668359
-29.23883471162862
-24.600501767705417
-55.27644457853876
-38.150164265195386
-73.40527136670363
-54.84400704856641
-56.44221295471786
-38.416586884087494
-29.838677502298026
-35.91624095424664
-28.896509088555934
-138.10785825956233
-138.4312073570857
-121.03160508480472
-166.37418776191174
-158.06690944871673
-146.50703836286712
-124.04742402221287
-105.77280990156592
-93.3647286492938
-82.24123544146605
-77.33434329492044
-77.16229042247218
-72.50625945243797
-75.25378730394885
-65.49968315415715
-46.729987972962
-31.59286369550587
-53.246025973093964
-85.535746314302
-68.56529004407923
-64.97976241854295
-51.94600020857203
-72.47858088581617
-79.66653070789285
-63.766115135446356
-92.01054697832502
-75.66356814406305
-65.85750335439117
-57.10276511581443
-40.89920807343883
-34.89842547765682
-17.6406926828218
-26.203307069189165
-20.305490753210425
-51.486465673226434
-38.69667883745248
-30.776229502020193
-53.68986067174992
-62.75124574761959
-84.91170312792232
-197.49329607516563
-162.7923379412244
-196.14050848250312
-169.07506655527035
-240.08211335015142
-200.7866989896742
-199.54053090062234
-172.52209028321298
-147.25874671925888
-134.67512558340164
-102.60947782649065
-91.32933356279705
-74.0809968147271
-52.57060995716
-81.61595742224607
-82.60730236024122
-66.86508585522611
-66.21165993348367
-54.00623883941509
-39.322944876997376
-27.55199439445928
-35.31481525369286
-16.224665653845708
-15.63393681569984
-35.398105470631094
-24.793780504251092
-15.917631413903294
-9.329445367637792
-3.929060595920573
0.3702067372607032
12.624537649695755
4.561986380533785
-16.443690029289737
-9.897430907548646
-36.54485005189591
-43.486859393552734
-40.48022724937658
-53.11345978634831
-48.52073837262317
-34.91592981913339
-15.214730156508839
-4.457278181241
-13.8787279100877
-19.808814012888327
-11.44420531977758
-22.250885440901325
-32.0198749941841
-24.67541170427705
-14.081290951463206
-66.10397112553403
-63.18374390071371
-45.70702025556844
-36.36114693165539
-36.525948090059345
-142.7221051731578
-119.38023974938052
-109.53834238238369
-147.13333143359003
-111.92743945135369
-97.91300432430917
-96.2537047257147
-85.30937331964306
-69.14530162286819
-55.59238439126663
-53.00103779044402
-53.74661319511452
-48.86996682617355
-49.978316813087055
-46.474893433059506
-52.19182147710697
-36.736263801433026
-29.513820755823655
-8.446152704766174
-1.6100548791106615
3.060780338839533
6.893460158535294
24.031973515487095
25.1127311176453
32.454603025174706
38.58357392488704
24.959453037317875
-21.66781163512209
-45.51118591063998
-82.65062754080543
-87.32735887851979
-107.21705922792994
-96.89277985709177
-89.48129993063773
-86.60126901600988
-80.61798847860462
-64.13248844813282
-57.459319753507465
-80.32891332112543
-60.01977401249002
-83.30062090341744
-70.76953893679872
-70.91539085799529
-58.33359863193889
-60.66180751561971
-41.58615730105034
-83.43816299460626
-60.34350788891353
-51.49693824762506
-68.14266377161927
-59.31188971359301
-54.14777345252156
-90.84952334720442
-74.48832572498685
-62.66890757616479
-48.84030600155701
-50.08604807555542
-47.85451139104194
-39.861108531141
-44.55035808023886
-34.604280088898925
-27.934989552190178
-18.086306869164893
-31.489204576304715
-50.08636103603283
-48.62315840115283
-28.479911094063677
-86.70025281761716
-71.62188869442926
-96.54611736868011
-81.68390533167313
-60.349039829915114
-39.14245037148594
-30.314148447953915
-37.60465631972005
-34.21269664169399
-12.394995522265361
1.4407658145555686
-11.835256885918362
-29.27412434290371
-32.500259265746806
-21.438315090936598
-68.668855537127
-64.72512797807157
-56.71413016597247
-61.97466389960145
-57.1028365391717
-42.715159894018065
-62.32592308079345
-49.72044321743953
-58.328723006563784
-69.13204355906694
-48.908463772151926
-29.70653249751539
-24.87015732192599
-32.32814314282703
-36.99850156852654
-44.24809127295926
-57.068597318326155
-58.911877627887876
-49.10401221398449
-54.11995590457141
-84.80096257681305
-83.34859556872794
-88.25544183914535
-69.42256897894733
-63.301406912683966
-44.19942239530589
-43.792215760928634
-30.76729612999871
-35.36108869217771
-40.42551442231826
-26.501750905309493
-18.637356079231168
-27.251597612560108
-54.9965044120258
-48.023224224578186
-36.77112047545091
-24.30094976867352
-22.938466044427656
-40.00947973531581
-63.51389453883172
-61.44657630213382
-57.7270025904384
-53.91241327808645
-48.00188247310683
-47.83453449143634
-54.58744763903187
-47.42502367121283
-94.35058018658066
-72.82355567886113
-70.18386893796999
-66.46992646713663
-55.888459971774864
-59.87414736264875
-80.44711985685286
-90.2861958419723
-87.14477549350867
-64.80282680308414
-47.70527836074216
-63.146714058891675
-95.50878544290089
-84.05978973794473
-109.30453576899225
-98.17548794246851
-106.09603152851841
-93.70761340300695
-123.5795157864624
-117.35749234514441
-106.32903396543259
-89.03260677879518
-96.53027005634135
-95.01053211537084
-84.10239069163539
-68.31009591916231
-57.38832430189694
-45.856447982693496
-44.11859415637121
-44.18249882644357
-36.94932297853561
-50.68619545654013
-47.35789079795118
-48.28273851590074
-41.403443412750036
-19.25728257736289
-2.792211644678334
-2.304371721732605
7.501172557844356
-8.940423756251828
-52.71214211629214
-75.89072587444682
-65.87241609648284
-55.14812357650574
-54.06516851113178
-57.757995784173346
-58.67614887383921
-51.67051745215843
-82.84818479821332
-99.82983048380588
-113.62178693480547
-148.35671976575748
-119.3615182365174
-112.99113559448506
-113.23280074923314
-105.1497934793497
-91.93764219398037
-87.47177616270044
-78.45265087378752
-134.19148647365188
-111.9939748469996
-94.48211710424994
-74.79440554095942
-79.92587760075463
-85.29545423232142
-66.4706988766769
-79.22837748143067
-75.05545199788959
-54.255594284956416
-48.31556398477409
-64.55629440611034
-56.16940853691268
-39.07734539998418
-32.15637012547978
-31.299268230966398
-28.483920159903356
-24.369433333928267
-36.462239979710716
-36.67399760855815
-57.0833954798089
-57.94571897980429
-90.26485690118042
-109.29352124104057
-102.84103662978364
-99.86294022827094
-98.26841513640849
-99.33612087977635
-71.13904955378018
-72.00659398093129
-105.01098038338546
-121.48302661190571
-206.84030941279903
-175.9229032627641
-167.59637812482296
-168.34717192032207
-224.61220697876115
-204.30280405209072
-185.46235991768606
-176.7019145068592
-166.05405754945315
-185.18761834700425
-180.54761667372586
-216.83334383083928
-191.60966399267716
-176.21310545139968
-163.0477221316662
-146.7420303029223
-138.767942540951
-121.52204236433695
-117.46532340326597
-133.3712218469895
-118.82933114006241
-100.48089098179348
-109.58558721284903
-127.66949753004047
-119.56413805172653
-98.299932328097
-92.18467947494902
-86.14673283183959
-86.70919044233199
-94.25484649558784
-87.11322618506689
-82.26484110028584
-103.26144013850218
-83.0857527845389
-65.22813863120223
-51.20524040412384
-68.63852917438635
-57.126816286501644
-37.911767034977494
-32.210500547891726
-54.57552224665067
-56.86963109684433
-52.439313102334694
-49.369082468481835
-37.66061680627507
-31.509088536048694
-20.17797223214692
-27.89260946388162
-12.01818646747184
-9.022132364910568
-25.758386807092272
-20.26077677049361
-4.4576289664165945
-14.631723328686913
-29.05459917784372
-61.66391123247669
-47.06585815101907
-53.193535960938554
-55.21225232974876
-46.91555639816152
-37.8726565387027
-23.080339983924837
-21.24312989856493
-58.9444509805598
-48.31401018227478
-36.312584545266276
-58.33177763562041
-115.26672061338874
-123.65137403993955
-103.76530122415494
-84.19981573208675
-99.403546729563
-79.07970565147465
-51.76136320114032
-33.565846807884384
-32.69431273271016
-38.69091641781752
-23.09202145859255
-17.28695068758872
-25.93738094854582
-30.91470346090289
-35.35590986833761
-36.71836472239556
-35.25137390188711
-36.55944255322478
-52.50088179020696
-50.51177649123183
-51.79155542468642
-49.958124034718914
-87.21454754178683
-75.57997549467736
-68.22791911528711
-56.30748034369818
-48.51852701685739
-48.86775233928474
-39.20627505646073
-34.87680656823763
-52.61554299001982
-31.31707545916102
-115.37222554005938
-104.80932361625023
-87.7065180845607
-85.65016236530562
-95.5179589921036
-69.8900090588227
-85.71211263536219
-70.69702920304368
-63.67638533304311
-67.29899238092274
-120.48214017818488
-108.71447541615107
-100.1937572528316
-149.07026737474968
-127.27972032937008
-119.6976241173443
-94.36977114072455
-84.3149420317206
-109.68416308824743
-94.4206454165818
-97.51845839466196
-109.65478521050854
-106.53193654040831
-114.91038376072595
-108.53604172773674
-99.51674867548498
-176.3691780637596
-152.70390230054628
-136.43383708965152
-115.61081852866552
-110.67085303923004
-99.39886509588325
-75.43692778071264
-60.64644906267473
-72.58177281725997
-89.54342434402999
-70.53910930656457
-45.85120045091071
-54.73213330159139
-45.3551928487053
-29.744961438837027
-15.144464574881631
-22.34477489346518
-34.36762908989799
-21.555842008325193
-35.911028965278284
-14.596368835652825
-16.935583905294465
-64.92286450779923
-82.95738452699916
-64.79569744953065
-61.65911998854056
-50.75304199345331
-104.7672095400787
-93.95152878695116
-74.02915563777391
-73.55437278710127
-58.29559325657597
-48.70831634966262
-59.16887492606822
-40.23373658517848
-31.746942442111468
-26.638902793572584
-6.985783355074183
-17.06077602560482
-29.3775482169888
-18.691717960874602
-1.7837691985653024
7.132956842840015
11.562808006586206
17.089920452291768
8.445553844103484
-61.081624710023256
-77.16984298897276
-83.62525229066354
-70.52205978510716
-68.42205086786876
-124.6711301338405
-116.2225713820983
-85.36812769293242
-116.61334544401416
-99.47321389047255
-80.81927639634966
-61.12127285614275
-78.85975577600311
-60.527243565583646
-49.67463584086815
-76.10592953936997
-68.15427420452464
-68.62745824885691
-69.08520754776521
-75.82475875513524
-57.658573561129366
-56.684821024713514
-43.799759494983775
-33.02934854912666
-36.30506324535327
-15.242625790713156
-20.18769365136139
-18.6513478400227
-11.432068747196194
-1.7183352457129697
15.725800586607544
31.615943671126285
36.46701858750292
18.185026747821283
31.561341850279895
28.978754465077504
37.158302955509306
47.72952413390801
26.6839398153583
20.370437400868248
-9.90527022387215
-2.1310087187819837
-6.010344350147623
-3.8454073186699977
4.232638052525102
5.863149588326175
-10.647672127977284
-4.8595720292333855
-40.34750338752719
-94.70278713105867
-120.66631749500635
-106.58870245065063
-89.79775793730234
-82.46961254071564
-59.70211866340001
-50.6564412869829
-40.00495311698201
-35.006411854404334
-40.28461001378615
-46.533583954144575
-32.090185504101065
-26.206770448276693
-13.193931039133394
-1.3461157569650108
-1.7959867669231477
-2.7575892870403163
14.476269809802268
15.014513816408817
9.453821845929513
13.849766622102461
28.16485506840732
41.71893413588568
32.15060549825031
4.432826616496431
-7.611193519824585
-30.494331858973855
-41.37237084121708
-39.708491933922026
-36.14144254710589
-24.033252819122197
-58.07133414612362
-58.1492969197035
-42.21179060778633
-38.40017713960415
-24.484617706326965
-66.30182146533802
-44.73414429308562
-28.991082873647848
-47.94144162874157
-49.407208761609446
-42.51311409945439
-36.02327415519979
-20.07286237645217
-29.72416290393548
-49.26624120997763
-41.01761903313469
-42.92194841669806
-26.218753781770197
-9.863038559596003
-30.382807274620376
-33.06958947749731
-29.801771956145235
-30.033557845565745
-6.772220705892163
1.2603832559626724
-3.0555624736159612
-1.01571890518543
17.762652449626618
14.298248534957239
-63.96012546175232
-44.625353912037255
-29.049385189660935
-19.22314975569041
-17.58976664122146
-7.436327744613704
-2.033596648037503
-7.588245455332465
2.1824405363245614
-17.06130248445627
-12.773249597174756
-12.08810426293258
-0.2175728006371731
3.2146018479752043
0.9475221959412363
2.718934700661398
-34.68992768755894
-26.017227148384404
-16.22537414288414
-6.1502119398214035
-1.3063890712873576
-9.674162616918508
-23.731930304677903
-14.251152736187336
-14.920273064495651
3.4941968312291554
15.038844031892536
-8.195771246210787
-11.351062603457644
-0.2067759694116713
-8.56931648126592
-37.11912701779546
-28.45358019170144
-13.159201604110054
-25.500261373124893
-3.516275176887529
-1.7057620473025163
-18.10535516854202
-1.7953342387122966
11.679442680971407
0.15661469996753397
-29.234752997817022
-25.135697331429284
-13.568147504628788
-4.146313195966563
-4.024360293180075
-9.967232405211679
-33.895787652308385
-42.169295888116906
-36.937967904938425
-26.137672935177783
-11.766455617735318
-14.81258109975644
-5.242284344533143
-3.516202496939563
5.575616931484344
17.895269990751675
8.671915786976673
23.470547174778712
24.374200983799938
23.26008612238692
6.752235507830852
5.591042044421796
-0.8394524100765954
-4.8363002456821285
-2.813702704016298
-40.43260610885536
-34.30229305665894
-17.03925655076974
-10.482578114028577
-35.21531908339691
-21.748795978456567
-30.128519566157724
-24.817590259953388
-15.871769932742705
-7.854802331518103
-15.10224784557075
-7.704758753320095
-15.154567775737823
-36.57825902316321
-46.28325288544577
-41.484146533857626
-31.08361105003239
-24.050533048694202
-36.78674726650486
-40.32960263912468
-47.70922095684681
-44.25701448704475
-52.65690986565825
-116.93788618374234
-97.4701402937115
-78.22238374781425
-70.64587560543058
-81.23151269505736
-121.57979334522152
-113.78622678519478
-93.40033903691021
-116.20471566373604
-120.30007941491466
-107.52678694808023
-110.60123469571369
-122.24704736012166
-104.1395496681976
-73.49365924103073
-114.49678463169691
-101.58637914276868
-90.97176596290932
-105.19231118822965
-127.6022111614947
-115.25632996213338
-83.87321003352068
-65.73972547668397
-50.93068747031971
-35.94652326089483
-44.079619207205155
-35.28705277244993
-40.19106846266236
-30.15334178576071
-25.502202160602582
-19.82955688568273
-14.822591918758501
-37.31321589693894
-62.63593798059826
-59.581153159523254
-62.94301350480502
-57.09782706252502
-52.42886368454198
-28.75679170464098
-41.32133140914739
-28.41933652929505
-60.7939823910097
-41.09354576245199
-34.99051347399027
-29.698202726342053
-25.60598101411921
-13.561075586490489
-3.1447886968681455
-5.010051256055297
-1.6338908310382867
3.0350266478217955
-4.422132683297601
0.03320217683238447
-23.41928169714434
-22.98367676237296
-37.2148415465891
-43.483271503801625
-42.582035575999484
-66.43738369034413
-58.804510885800966
-38.95133104300135
-36.27475017073531
-16.349723850300972
-59.71304845357112
-58.107958835466974
-37.78781317305481
-42.93927496435731
-47.2483689216757
-33.72575668424902
-49.758268813569785
-46.38014721260335
-43.36284406599336
-49.50978739909161
-63.33288401680002
-46.8918427471872
-48.38702001227864
-43.99784267158424
-40.75612025158478
-67.01323619442437
-59.724872285348994
-48.6654807350985
-32.1851678351643
-57.102175004801666
-39.590138849510794
-32.62190373600895
-31.83529674699605
-30.81796767616144
-17.73036256816174
-25.416160606662352
-20.719192426875537
-15.343754612416133
4.062942105753541
-25.763071378085044
-41.43591481165861
-44.30120397625486
-36.681559343527894
-34.678811896717846
-14.823554578624542
-94.88364268594293
-82.76050542449562
-63.14020958972447
-109.39200666753365
-98.15904570978815
-87.8184525517269
-77.06900582959324
-52.88381716338648
-40.35091094479959
-69.23799241447931
-68.36759709832744
-88.21003981772117
-77.80725889411794
-139.03337566080808
-118.7173254973757
-117.6320585492246
-86.8779440789759
-77.57896740981158
-67.98210306288547
-61.09325112310165
-46.03216529514745
-49.47708695887875
-49.47044530029243
-68.57481834817685
-55.0603770853137
-76.1776506416136
-72.0388830808102
-66.37702350768262
-55.79893502522739
-67.74612662320713
-57.96316063687936
-74.90017094994958
-54.707482782775756
-38.32155485357948
-43.21594340181352
-21.470737993037215
-32.61550168925926
-42.89170216555912
-40.18122307513985
-20.85700694240265
-35.21466972094232
-22.90624704202221
-16.938384844308356
-13.202337654571307
-1.6498189294906016
-7.7743727580465105
-9.090644329008411
-2.428833769255883
-13.261269624523266
-38.39714842188515
-25.957931512442684
-69.66599842918532
-59.28077087274468
-40.36520838021125
-20.81898078872989
-6.471610316529286
-11.906842480228857
-37.76846326080981
-22.361136410689973
-18.779616109928217
-26.503416938818365
-20.896369497995288
-8.0574469241595
11.232031715517529
7.20010959015986
12.903456931701069
26.472010225803793
31.50102049241425
35.49768666410739
19.785788748811278
11.058278730161927
25.792883129884054
25.93790583301219
29.582253393564045
29.237992045521057
23.526577921491107
16.908093917347344
5.731531372282372
11.226363861639905
-44.90249061289696
-28.105766294468133
-54.06023912802413
-46.614565857191145
-39.61707459570153
-39.68509164770074
-31.191847394322405
-17.843613663772523
-20.34283143490475
-6.563078176471521
-15.643495056337835
-39.534978952211446
-18.758374475798295
-11.60428554652994
-29.065163948039583
-28.242961342584493
-16.58447117395059
-4.342702957233149
9.147139498255378
17.30990903689588
23.693983735888658
29.127260639305362
29.194973045684925
25.01947761618282
24.415443184922673
-36.57533474947448
-34.068413694672515
-26.11424823465378
-36.77944656704095
-55.33006394405279
-64.92499203569218
-53.70638281370122
-44.30030727304481
-58.74687463359203
-100.73379031318805
-106.75287053943785
-86.76926868330825
-79.92663462328284
-70.01849871842752
-50.96355596393586
-91.54862942478232
-85.29613135805612
-103.67913307651395
-91.24699509190233
-95.65476660062608
-83.03313417030793
-64.05911410397117
-61.519408983807985
-49.56922686897954
-42.30817379186283
-59.28091564758907
-80.41524022557448
-69.41015363269383
-127.4283889534575
-143.49456001002233
-125.93760184857645
-117.95137654967876
-93.7585981382066
-102.68940253028723
-86.60642085243484
-85.03053907359971
-64.09962292446362
-55.31611040115457
-46.920456370348326
-54.77861668954431
-81.62108391912392
-56.34057063763525
-40.909348381874416
-27.61296254472029
-29.501862249253254
-27.43924357931147
-20.744169435323112
-5.695890323380976
-4.409347736631011
9.629717447741847
16.18917025512731
21.778652910201618
6.178726033804828
12.30503214556315
0.3652451808000823
-11.159674755490457
3.275798116960619
-14.323777357571444
-1.9595972253116951
-23.464721662876535
-7.3828242347564075
-27.2148336099418
-63.31717037335787
-56.26411666308248
-73.15158267177927
-58.08034215907437
-50.334261073825665
-40.11280729212615
-35.4159135072756
-25.6884820803006
-19.059489780539568
-9.61893407626751
-2.603516608768931
9.994088224826864
-3.7807932829696203
-13.467940441880913
-5.683127307124817
-8.75665616219495
0.8212414296025585
-35.299453044729844
-38.31810429723166
-57.72920525572389
-39.18395358845546
-26.96197432854148
-6.681738730452178
-13.624486460628056
-31.52838269172249
-32.621019688227555
-90.19314005823583
-85.85877106352464
-79.86877629453623
-74.13918536557864
-61.481252003139076
-37.97953121609316
-28.701087275651993
-33.18814672478122
-52.59920678883029
-41.71765033790089
-55.11400119053592
-40.30366505548166
-39.11066842762906
-20.50348098770241
-8.827279028268817
10.050546576175726
13.611463170760892
-25.218580037020047
-21.477784618389478
-18.321088403202943
-25.201817240856514
-39.309921185146344
-20.27038289892019
-23.186080917890635
-27.600660764798896
-29.32819520759817
-26.387907478969428
-16.230809253821405
-22.919075154276335
-24.82846737781848
-19.87398423368735
-31.93802862917139
-39.355828567615305
-26.29220331401686
-69.25988560312575
-59.35471934804765
-61.03560700797303
-42.324252554871364
-61.95725749429717
-51.41158688627071
-85.8291383692937
-67.49225391695956
-59.850914763760386
-57.50181858124353
-44.12147640317498
-24.283807177463025
-39.864069637895724
-54.153277814360955
-62.06186629329977
-42.79152273184209
-71.57355653509558
-57.66003900279375
-46.37450855408949
-47.72482846005778
-36.524112292238605
-23.617912892319147
-45.56516914955237
-29.851253406056593
-46.26315467961042
-30.961728201235623
-61.00165345310292
-48.87244086086271
-43.299403228514784
-37.71273535213732
-18.236408832667323
-13.217095719587652
-11.8910705099816
-10.191513628181712
-29.188100138388698
-26.762651489873086
-55.14330127009036
-103.32926610616197
-89.41278651278309
-65.79135468982892
-43.1200078441134
-28.1661678332204
-18.946946007604765
-41.30278961068453
-43.56540595169161
-79.25899040833878
-67.53836224431053
-52.99467797293093
-29.69090695274436
-25.267649857923992
-10.267299603651834
-3.0340649444652845
1.032016062957835
16.01429890775634
17.85082684705747
18.48827429226097
26.273766563550762
23.256153514143755
25.680783263561146
34.1505927663032
34.021701698256585
29.953224111455388
36.22132642127781
46.850965445174
21.445441914840934
16.28664206755124
20.708990931543084
4.483355104913699
1.078301003099742
-3.928846875292173
-19.656760353794557
-12.638750893614823
-25.74470113141426
-17.40508617975637
-64.86471041988769
-62.162693506667445
-54.0285615174215
-56.23483093145859
-38.25382750623701
-84.9387841337142
-82.81950887547609
-85.5532464615113
-89.52056012094735
-84.20214324211395
-68.58718558236816
-52.48404445299974
-87.72148884194854
-70.19792374303087
-52.286556251972286
-52.665577661112486
-55.218070792909415
-55.59757538979145
-45.53733188632132
-56.03986642599654
-37.72933920160266
-29.066389216854724
-29.719711611763675
-29.202323944232994
-18.20864055533555
-10.690044592200268
3.589599295239381
9.287383585410382
-16.357633866713982
-17.54691480610409
-6.706591454305437
8.595951661379853
5.788394237578859
5.727763433335152
0.07649645883398204
-12.449255945691815
-12.168738119003905
-1.9426071577340256
1.1271473912419159
-2.8550967843834467
16.09023542589807
23.461013816748597
24.731435991196513
34.530838166989795
-35.33529817756681
-22.34359166489714
-7.536954983953681
-2.244109135879219
4.410439805591368
21.195549332575446
0.4471896211055295
3.1446462622482763
-26.704908010367816
-11.078926798717628
0.4151566123997643
9.595509392441448
0.8180839066491954
5.65934032234894
10.838512612131204
28.859253895136035
24.62366828196256
34.55672583695031
28.032874048838423
25.519481838340262
31.822262146371322
24.651518877233066
23.695625069226214
21.562266713620634
25.964838111799633
29.359236957683258
38.999666839955474
52.610846321630135
8.979711146657621
22.53926822369046
26.644965899231657
38.59475650612772
40.85450802125543
40.377070952570115
23.160897098953676
10.71045139524843
21.174723923056064
15.685384115263034
22.285028831707848
-0.19687730168122997
-9.550439269445906
8.667764060481034
10.736241270000205
14.229848322202637
24.752073625750192
-12.123418012760794
-3.912616138643571
-5.366536043010877
-21.215264363607673
-26.808363707935378
-35.31667832937333
-102.08981526337493
-82.59292155707328
-84.09159082257904
-105.51885678156006
-100.89054462641886
-103.3918499068714
-96.28511821931454
-79.1344674529606
-84.51076065714847
-108.65745279173916
-81.58958107741898
-72.71366216821721
-54.764302973517815
-70.34435050395327
-64.35398600728614
-51.58853508927703
-40.41459143236564
-47.54196228123298
-98.37463541708746
-81.82238722489038
-66.78985582912827
-68.87417352579766
-54.89444086223813
-33.635549904022916
-29.443916599419005
-25.336727540044876
-9.077067033834474
-25.163340336048943
-24.406815426435365
-30.445338085437953
-24.17952140275672
-12.171679432266357
-70.54490922928377
-51.111649433394845
-40.824504511134634
-62.4361861321854
-97.5629762447989
-94.44930634132683
-112.30943097062425
-130.2211987935594
-111.50021028393834
-91.94804481832463
-67.60769960361762
-59.564102265651606
-48.676071871764194
-53.27323229105085
-31.458809294466242
-50.799896950555095
-40.44899950576677
-26.49209731117146
-34.03584909727529
-19.91850403006869
-31.60809415393659
-21.528823403310568
-22.63257640216986
-25.725409462291726
-33.74211157042635
-18.026666398010832
-6.530046760062568
-37.8877597411568
-31.525114986012618
-11.929524894262464
-9.773177262106826
-6.096217714173372
-4.408783706297475
8.192692136745054
3.239676677351678
-6.188108327361947
-7.636941589374654
-29.30987929541814
-24.234574102221696
-76.1357027512416
-67.10014748573396
-68.542541758325
-59.185343006671424
-51.922713770675955
-51.5703606408345
-42.722812565712566
-80.95750125442821
-128.34038493618326
-120.13700801833994
-112.27182607653373
-85.74384712304614
-69.22422206575717
-72.34827226196909
-46.567908700727784
-26.231730250533747
-29.261642341854976
-26.137127402974727
-60.54938997948462
-53.61731603139121
-50.50716523934635
-31.085798169013295
-19.483980631220437
-38.577441868342575
-32.01755819539342
-18.098705968315763
-2.8896598470249693
-25.296642357895923
-61.12071628707152
-57.78689537874691
-53.86555897925736
-46.99243638305898
-34.384443640546
-21.839712661981743
-20.546799441024383
-37.38493996977144
-73.69873279698966
-56.48618377746831
-133.92243893638283
-109.76294482149743
-165.09103953101965
-131.1198992935082
-119.69004812422683
-119.99998952092253
-111.38163252477699
-228.16921751531365
-190.10134385656934
-158.59561452622768
-157.59583726201555
-208.44576574973584
-190.50768292756143
-165.50382165371022
-137.3564005917525
-156.51537889065506
-139.0050270971611
-124.55371904534593
-104.25719917048804
-142.0509908108049
-121.12767827452303
-93.62405546369165
-117.95042430311601
-104.8878929750948
-89.43168700566181
-74.14264229218104
-68.25814403214683
-49.571064215244704
-36.66181441495024
-23.0971320562197
-39.19993751976513
-78.44778134723765
-60.169038325908886
-51.35454690758155
-44.835329902555976
-44.47814143786506
-37.45396972689277
-34.97172720934545
-26.020380032284503
-28.468249972013332
-20.207120360076125
-30.28283345642689
-31.50686664102619
-17.48586565042706
-7.703817051868654
4.8385694163898245
-8.449429275378844
-12.810742558512063
0.0996524557539491
-7.346181896113808
-10.091002135974643
0.30757049866389785
9.212124641287362
-40.639096357602604
-74.32697373405676
-54.312841237445376
-45.48127821126661
-48.26386987882688
-36.495008473729655
-73.81992509677877
-76.08294909299845
-93.83901676298515
-86.07639986114788
-71.37721265738047
-85.72060020582084
-97.08038631454829
-105.62140202867113
-107.53950785734772
-140.85908437739718
-121.9598629188027
-135.72269622631714
-106.89875383093229
-77.4896962678519
-63.83352549592897
-74.89133006373882
-60.31494002821751
-54.343002448238806
-62.09501829256317
-53.72125493998242
-39.45921955411755
-40.04737733039389
-48.47255169986097
-93.1132832128749
-87.68098774343454
-71.41356187868212
-46.97365140061153
-54.47034521639266
-55.19057577573633
-42.05950625781377
-41.54193983813356
-39.01534086459739
-23.243848520485514
-34.18949560528114
-21.201034542103006
-4.075260854626448
3.182701359929877
3.9849384957413583
5.695044993203463
9.53464131030686
21.58634444871582
24.006303684823532
29.050994259018086
8.51273982591059
10.905977603955566
20.826928541121433
10.992356504454715
-17.901729620311738
-12.628448893468448
-5.529194306633346
-51.26085645648164
-40.30019392656344
-63.9756491372882
-45.51103064320844
-30.096497177182044
-17.054322197788025
-22.079344835383992
-6.3429150089539075
0.6743893262092318
16.906278586056203
7.701690700696947
14.503967701879692
24.135249424151965
31.97888288968813
38.331675115452946
26.96892397891152
8.123016594022364
11.990907205494967
-4.00361467415693
-34.838291243879844
-50.9083849271231
-40.689379121940945
-54.820158539811274
-42.25175637258353
-41.37020044851632
-95.68937113523783
-97.26737307643549
-76.61453493787528
-78.50598485258773
-52.632206479059434
-59.628276444152704
-36.648015537062555
-49.92054898556863
-33.547250917819945
-35.85874829804883
-122.74052952866231
-114.49793131883041
-111.60399997459714
-107.93793697593192
-136.50360699821655
-116.08364595876016
-94.71540869898163
-96.74337673601691
-76.97147575642188
-76.02289674678583
-75.55184404174972
-62.426675996550024
-49.897114821099365
-46.05925918373015
-41.459039072296015
-28.55631209047084
-19.517398704245764
-9.02623420304908
-85.33019882659002
-71.30452706613248
-64.49123980436802
-57.08925320808817
-58.98578351055653
-45.057878525730544
-59.4352590206653
-47.61240593047799
-51.28648400613214
-50.0487818780903
-44.79469352278059
-37.96527679807443
-53.8327263029321
-35.55103047432123
-43.82050944114546
-161.4625469579995
-145.03940027130662
-121.5435445754688
-97.800374453143
-88.70368338854267
-67.70931878608148
-99.55956042326362
-79.31795221841405
-120.6518103447619
-101.76462962280529
-96.75552907763333
-80.75465364706517
-82.555586492468
-70.99374383622435
-50.40068287622634
-58.710011084387425
-45.54507597397947
-33.348727236748054
-47.24055441355175
-41.07503035070826
-38.30646797683233
-32.102592305596445
-30.881177824972276
-30.82225906100404
-11.186311958354185
-12.643684753451385
7.382291862707914
1.8717973693560177
10.947548391500208
6.8062577029751505
18.562077262047165
21.59086804490397
3.7681102244079963
8.863289679488283
-33.54301160150779
-31.60093103308404
-15.586185985185729
-19.6258821207794
-7.993857467642513
-10.874231756473431
-42.40655725087592
-42.52808845790455
-27.668066699277833
-36.68125252510709
-54.232845265787475
-57.44662690944317
-64.44278823032478
-52.02879557158598
-32.508629869568985
-37.0047762161726
-66.5051255550621
-63.56043858296261
-81.61407456437523
-65.54386279994381
-64.03675120721903
-44.67618785761172
-33.085491973174136
-81.78324235634202
-59.9877029104449
-72.74956118025197
-55.77340133465679
-60.11740662112422
-63.37435984712671
-50.63703021374592
-77.18857941352826
-59.64860357840159
-80.83158363524942
-91.03894292543045
-60.90655012885744
-76.50915076321824
-58.500222905712334
-60.76865279250164
-40.12507406858264
-27.013910289420103
-33.8798789914758
-22.412561055071045
-107.71189224367211
-94.5780956084138
-71.94725289108493
-109.8531213142835
-91.39810130240367
-69.93931790957491
-47.0773018579155
-31.91369412575395
-20.689313436189867
-40.81821025130914
-68.35898754489
-54.100251299074614
-58.45188429589112
-54.35674778563701
-43.87729343138672
-43.46501917817301
-63.91684579864861
-75.203379518506
-81.3219795487781
-82.26922025148721
-162.72919825711728
-148.68521985257556
-136.8194206727269
-120.09441646078733
-108.26409354223436
-99.22236310266315
-78.10948614956148
-68.7124303207591
-66.56658927361613
-40.43460834464354
-160.71234873097464
-134.0580790034669
-103.7145786245701
-82.29168687344695
-68.86078447812355
-55.67105706987628
-55.28579712869862
-52.0561293179025
-41.501934063202995
-39.607696648361305
-26.29700042807704