-1380.153267476102
-744.7638090405001
-1347.6548903321864
-1241.730442884669
-1346.994808249922
-1245.7289342190602
-1428.5797516332177
-462.54610455881715
-106.42342719439047
-209.07987129206242
-136.20235697736234
-24.993163424978164
87.40057918074062
-302.3809530357337
24.57710961985856
-87.66857923275492
28.847743309612355
-43.79053167073539
-119.07549571119432
76.0749047343926
87.38983530334787
-243.07545395921954
54.86248147838752
-865.7664224329679
30.003095439231373
-507.50009062246033
14.46304532252637
-109.5332863256414
-118.78507277021396
105.64062109985056
72.17016769226395
49.123270413731504
43.39245366198144
84.42509837089608
-265.2226832958585
-124.69043797640927
127.05581575167105
18.98052222500415
134.18728516152873
149.3804163815967
-4.772463752430838
-591.0726838498427
-105.4194586025813
104.82604238602323
-408.59705355141057
-48.77395263692776
-1289.1520391694605
81.37661094916257
99.96947154555566
56.23754845666098
-47.69102044173715
74.03585378394152
-45.84230042216642
-130.58849907245653
-74.42568648617384
156.41628632144977
-85.01190745744894
-337.19136270306427
-118.26929861257925
-215.29267520640613
-370.302913374983
119.39280076712373
175.7404623238472
69.08961705703123
-9.220513652870011
86.85820645630079
61.977580270873545
134.7430447637625
100.92625161878675
189.9064215591776
55.00393640242831
-78.67910135865324
-85.33187618288014
-32.972513653178254
-1180.0488391320584
-243.50531250426573
-95.77093979144425
82.78942735546912
101.19369535423003
161.96285082265115
39.9423247260801
-421.6400316270476
-43.468160193482845
131.8617036484679
-109.691670650689
171.33776004673223
-11.216044376172903
101.82457994482193
57.271001807778894
82.44526879529698
39.86577419402671
-143.69146727880917
45.94047128169296
-78.52360303473097
48.21284412124191
88.82874397461299
126.76461805040643
-37.29700110246742
24.338667295238196
-171.69318669217796
120.84347318959438
56.26058443171289
29.374492039406178
46.61922119873445
99.06322758080722
72.20621019578583
-57.22736922340921
36.96494592517749
107.18947359404297
92.64777982411583
82.39773132433794
174.34590965392402
81.52980380287696
-124.77492808822036
43.203600983824096
118.38233279120266
-128.4916571301107
106.60817713951597
67.30950882999075
91.06664605175531
3.1439510401417863
71.23404618016103
54.32983279156306
-569.5304227338776
-135.16127195189176
-540.5744874938532
0.09889060565899399
-104.52635187924409
109.1389736558625
112.97682351469842
62.88267839205021
-48.66098902130187
133.27822720769544
113.61840368702565
140.14114922829162
42.87465617288365
19.81324603496094
8.869522899758124
75.15583484991203
-315.086938595634
-131.45120521839192
189.47910844614472
104.80919526939758
177.21728747816843
58.56587796380846
-156.3963713099565
-32.95072996141556
148.49148470651852
-21.40148772830584
-159.93098472788884
36.539568241995696
117.34154064404953
-260.686870773535
59.752120438193735
-162.2582495800002
123.23582768892427
-166.56812819442814
85.64727446236034
90.74023300581314
-749.025548475404
-343.78020695877507
-275.21481243064636
-1442.380848676927
-1416.145298438692
-9.210036283211451
90.05364455471732
-183.5108264366462
-204.47490449823047
-421.1251385135729
125.54937507336047
180.90477758752394
-178.35606136204538
46.720508310368416
-58.335489515706115
-48.12089384854096
-162.29292226587523
-534.6883356153803
-61.82199829447403
108.73921913352537
-31.190128375247482
39.262055207293486
77.13028400135502
85.98333850898652
-4.397845612222724
-66.88115693221607
104.27678175691851
-65.50257273710926
62.19722048977815
-73.66812561713404
-21.513201107931366
32.34929552467807
-58.391842065240354
149.54033319733213
-106.12988796312455
43.51977572634454
-527.6821045660254
-100.01771497001283
-69.1714961534215
83.4784899986077
-319.6277184584252
-196.2445723337322
-50.513834244002226
122.41041224191054
-76.8277022550881
-260.6236325854286
-78.24130819153899
-196.5730345439932
32.74105718113677
-180.97424465827828
-54.80033574095465
-59.48203872489803
-39.753555311436074
-832.9851700055196
-621.2229559189159
-31.237403610802033
21.49620400119423
99.6875735526081
-610.3238410676956
-596.911326314181
163.14343350690115
72.10857310929795
-429.00077434261595
-604.057082780601
60.63084049166972
-768.6027711472458
173.92573143926654
133.33059587235078
-140.0225710183508
-488.8442650795164
39.863006566422115
-368.6585263544329
-232.14842582053274
188.76603626097193
-354.8152863639576
-286.20171192906645
-157.5938015432394
173.63120367555004
155.99869773543662
-266.2405014318454
86.49505445756165
-124.090030853402
4.693093343428217
-494.19098558506676
181.45720601795088
51.61456250289698
-728.4337311766161
151.59531885268075
-470.4604779313076
-533.4146640137382
87.46261936580497
-199.17556242865362
104.32960769558542
32.8181950877581
-1412.3491311707774
-482.0216916047564
-93.98420837579278
-17.40216544515812
-456.2108769465841
122.27062237886639
-465.5226415479489
-38.40541937049014
89.44963100935773
-820.4542465315282
45.293919534550255
39.4839743669238
-388.50875879763214
-128.9083645557227
-101.99068856184509
133.24432980186364
-2.1293249579345286
99.96579626492316
-371.1445871488343
120.34701337401457
76.67672845890726
-189.22972480921553
36.214789738121056
-656.5679829421599
-110.97898963603508
-335.158571048236
-394.1379104578537
-30.005210431255108
24.921482054888102
-175.17651040017319
-206.95720505585888
121.43697874174215
3.0519727125676326
4.115969577425403
-277.38648277603426
-166.0250654863258
12.579735255863724
-44.1713352930191
-231.20716523031126
143.32756776628094
-229.11086555813915
-202.13886387973255
132.74449416279532
96.0198111651932
-973.1656673756862
-453.3480838378066
22.89972084678797
-111.69806405004597
15.17014857999861
69.53340657123184
-1485.6181731692982
-1460.2381521902878
-112.66760079465477
-885.2924934479072
23.226030962310176
-47.14579619274815
-243.0225973024022
-574.2079007120852
24.78360607337021
37.76770880654229
115.27715531368834
-735.3906698780396
-89.94801209812061
72.53989723473089
-27.815162253880175
-58.8762566291235
-111.85085165865524
-188.88552296959264
-48.22121319725804
-339.1750131916847
185.26729275811962
29.3714937346285
13.083580909853694
-13.147905092184246
-2.6991650246993686
-640.8409504397894
80.11843725244063
96.60862926917935
-716.2885703626615
-448.1809375357841
-178.11498175246612
-3.6241517823830662
52.95156219981305
29.296508059093853
-681.6285319214187
-3.433709220530119
142.4021885917184
36.38645904659762
-120.44793510352928
23.10578657655796
-18.891394991857354
-81.16924813148657
-296.19199504996294
-110.31065078990989
159.01302854886643
-421.14641290089935
-309.5078419015041
145.25081342306294
165.6366582163763
-91.99207199225347
41.496887589138254
60.118947203642904
64.15301945377225
34.73776097411428
-133.75505848449788
186.68420976001767
-92.58621741086768
-235.442826674817
93.89816945138361
188.76279473540723
-171.20084645795882
85.65643122890648
182.698279862819
-476.04259034467543
-161.27741684711262
-363.0816887815549
-152.82841206614722
159.0305774907414
-64.18600384563435
-134.14760395314943
153.53323120825104
-517.3538387358674
-189.92516516972896
-175.01952398348763
57.2985804878123
-3.190822991998573
-885.049982369504
-86.77099984506289
-183.21547497343516
88.97262652423373
-45.50830989032178
105.06743515091587
-1408.1831643278244
145.41491042845328
53.08429180007866
19.686072024241028
15.396967199388328
35.361042992296674
-489.0467840956808
-157.89810367925384
-164.75830067911915
37.57579523160244
-583.9263311220661
170.74797612056938
104.07692402032121
-524.4581167009362
29.92692794131281
-487.56783872188913
-30.127735929139618
58.56805349819501
-309.12918525098064
-93.33906201557866
-70.06985633249185
154.19701941794912
-13.71703777130216
-403.8005593649701
-138.44720859156882
-6.742864028878003
-469.28528585342053
-169.10605760959618
77.65248789012391
142.1123661123694
39.06124569088874
85.46520590394789
60.261352894706135
176.24552504172556
-183.2369535371101
45.6902406407207
-379.40866731095286
-52.27548174711278
83.35554974749115
4.0058284231319305
139.50951460793905
19.612910947324195
-62.81093536848053
93.10532758512309
-19.7400808786323
-74.47070468922124
169.1126114060355
105.89477719957274
-8.186190442619477
-13.905320805998798
-434.33284627302174
83.18984221976454
152.159656454367
-1013.2389719613373
130.77173310753963
-445.0260735565801
-262.2584702060034
-281.3995294008732
-465.01585571158
-31.723395257920146
-424.1846057221215
-85.92855645237805
-59.618907205257344
72.42259665582239
-167.54556271619936
-84.433535082356
-1.0070750247355136
-340.22368334728765
14.572596858671773
99.19504574340951
-380.2072705708195
-42.976855430920764
-365.0915716417215
-1422.816813013444
42.08229118976314
-154.29606593524306
-183.25657028302322
-44.57974121334044
133.28387088085853
78.29902960009315
-115.3888590295347
109.49136486306818
-113.55155203852992
-335.2662943447932
-91.4805530912802
-117.39776787310313
33.07547621437506
-181.37501051576822
44.66392809572391
-37.4150825172857
35.97318044250049
37.60630606841062
179.57228637069375
141.86559661853664
-594.5215262798267
-195.94243143932454
112.09680978333077
-194.79300433654254
-490.4677430235032
-369.0726787896824
48.23947542747261
110.58417175476426
-668.0639663369913
-75.91018840952957
205.09910699170894
13.471934987160594
-47.21077017853423
-97.26539301997765
-284.9060461109238
-67.8872486439819
-4.222821540262771
-65.5112382648341
-300.10058626597254
-163.6368140453522
71.45101735078069
37.23993689746926
9.310718705991405
-38.69318032855648
-3.2143583906746755
61.257920231890566
-410.6024217574269
16.727651594921056
-62.66370569625592
52.118947705568246
92.46509373176949
-68.59726218022196
-557.4552722335447
-135.1671965772232
-186.2055820288638
-26.886704767233724
12.070556791678584
109.11628364463652
-335.3806099357788
-245.47234672509978
94.7735658494885
22.9284259635578
-17.357914099425727
148.61989145209964
-496.5592774544236
-213.60265555822303
-57.18901024347883
63.22494548352148
-842.7877114127222
-362.8751960867876
120.86829340079787
-404.85922834583084
69.62862384160633
22.640102805038026
138.82097160114722
-821.2804666035795
-22.7784695100261
-34.426108094179256
89.28267243800711
10.473800343717244
36.20812701973878
-0.11816965800483104
-203.11212596734845
-15.580013672706343
-23.721868901222905
-75.58517680563345
-720.2486501480653
-330.4007559041791
0.9120301990436559
-846.0941616987748
110.55458204541898
182.827856207033
-243.28759748208392
-114.19072643656544
-87.9330475565487
87.22612618347414
30.972355506212594
-602.1152457453043
28.621967370152973
174.82776414958516
120.59972563517229
-7.444187751083717
-91.12898312351786
125.21016637163248
-173.86529672051137
7.771974198005282
52.60487417910213
-53.982402495201114
131.24660264339897
113.37011078456419
-29.532715024303613
64.16502785703126
38.57211342710994
153.94652121068714
128.65520910687826
-179.2559606838835
59.819549997963385
-138.3463356166855
-19.940116026623656
61.814916118626385
73.58765124290865
95.57187511753837
205.46018895256663
58.24172418044307
72.21461458971547
25.53356415253529
82.15597475788398
-292.9246882417561
-351.6854480941154
81.09282344380118
-1.3605526803063128
-252.9446137696621
137.12027350427638
-315.50413293571523
-765.4141237125565
204.12838101869403
-11.198143096284824
-38.84688813578073
61.14548520013835
79.50758062144898
-132.68039664276355
-1.4611857536302182
-186.79057120460322
-19.311399150533546
-1052.3488020535308
33.71983545950913
99.61981898896217
-91.23361303386763
-44.47863661170469
64.98382497309069
-101.87737538993325
3.179946688267421
-252.08214787851492
149.34758027599682
96.29172604232843
-20.04299044565373
-139.20586829619725
-16.300090518849657
41.244260183903414
64.91474474943415
1.9348505801433902
27.92170171336852
61.861150842707126
9.337283434091646
36.02942876194811
-200.12602629813125
-696.1210810694624
78.81572216490662
117.9596908097772
88.88919174442151
-76.39884954829293
190.14280621958233
189.20368699010595
-77.18695811852449
92.69387423131838
123.39503920847882
-214.7070582447171
88.57474222463826
139.88564092232002
-19.10790362472727
-76.80447716909116
83.28748698394965
-66.80264119371296
-131.3276922352482
-48.259394717888284
186.03935945710717
-121.18991450292002
-330.5232493285854
-65.95257940475489
127.78707323587662
52.25525513745967
-36.15648846613989
14.010509556467696
122.40164598314631
41.140120878288286
52.118187424848045
-349.8812962939378
8.315966179240476
18.87818173404615
-188.0942176349851
68.58016254267865
-9.470165664377788
208.068576552566
-185.69085064999575
111.90065633374982
-81.33612351776203
-11.253195780251914
-490.7815583139295
26.473843125230943
-40.73548138609756
-236.11408251530142
9.610974870120629
-393.8627016163187
26.34997068156153
-225.8320346834737
-253.8357034010105
56.921004498844304
-218.6216561757095
134.70789322677393
-78.99593708121901
116.74769083502949
-135.6396273941843
-132.23080034221277
-24.828956182365545
41.97125059249652
-39.09124097450726
117.57501841414013
-28.823431149473734
72.30056796408482
-36.13781767887349
45.20467727593975
-41.969799535659234
-91.8744039692576
134.62514417350926
-4.625935750796529
88.72264325168555
-82.23958638353744
-222.694845853075
-146.89613175980855
110.09657323723974
183.37023923246255
70.35275572301856
-603.5958117360691
26.261687579554717
-222.62913055620513
127.21984604560674
69.32308625519238
11.295156080991887
109.2237441657777
-152.7720056288788
-39.55690459426246
-2.266956066133858
17.144494727603444
-331.3599298760388
115.98635855489496
-390.70123528027773
112.20737181466856
-70.82606611008086
123.81404775158576
47.36250693380718
-90.61431202178417
34.281077702660426
-1121.0100007986198
-141.3413492347959
35.56481536572403
-574.457431855875
-83.3014046299617
-42.468198590220624
78.08910504367546
58.6987171842566
18.308002621155296
17.8702034289837
-33.17231397601009
-75.61381457043784
-30.60198072213005
-99.98153796754677
22.287254193968195
122.19726865779444
104.6412548015993
-248.12448647138677
-376.14322938517427
84.16881638792573
-32.710013788716424
65.35785968116618
-257.27180698101336
-144.35807910658278
79.33762501657213
-346.21043356423297
71.45924136429471
22.3970797526558
21.68987903137625
104.93280530794158
19.108617884381275
137.6789024706934
-103.26683654649543
32.77485609059822
-332.11523995337046
76.41140268451306
40.507814516870425
-259.91254119931745
-144.30371143044664
-284.35581955064697
-1210.7276326003555
149.51628526424682
-496.27404335401155
74.51391078982448
-879.1455345040811
152.87203025462082
-188.32501809915564
70.6438752734715
80.11134535632809
-21.422535360686496
185.98135198570827
10.191964810445242
81.15403391790244
141.0228717609439
-343.02408460802064
-91.52940680219751
74.81486268990987
-60.33082663780176
55.84255100720222
92.82670078476208
78.38655994838363
-105.18020298679511
155.58668074477868
-10.317377272387034
-213.27562336501234
70.64514419316893
63.96771039922689
49.96422904875172
44.6744023495344
39.06361273589219
122.91351586161122
-68.00097504192395
-205.49477771770142
49.01890118812116
-276.3716223510212
-105.96494346846418
-13.420537951791218
-166.81255261909385
-7.186245649096961
87.52734716227465
162.0960668071121
92.35978959616955
-98.67177546970801
-73.17958893809393
63.83727291821913
-119.51100653101501
-119.94078097372905
41.424757904886434
81.26579582386138
-534.3080926921715
-36.90169887733076
111.58349255073897
47.751712983562086
-38.00915851569489
-1098.4875189210438
90.69654906461474
-20.961266079412155
-485.48823289444715
204.92558838877346
28.216911819091564
-81.3200083383644
13.189609335001819
76.33134364810559
66.38387069314743
-29.678918383040582
-60.456791837148955
-4.980149505704887
-59.95346669530852
-14.944083012811532
-103.64417387353413
102.36375527963247
35.48816665466066
181.16285975475114
59.91482555178895
45.09829730039128
41.38757853579715
178.2785937280533
34.83954953706913
98.53145019293937
93.74431202229806
-97.65763495080459
-441.31319368708176
-260.101554390301
-416.9056022122945
-129.41794091794895
-286.22436237262116
-3.97426551954824
-22.777980592551387
-60.68099078435921
-26.768463641957283
84.23701182611333
2.599198498120728
-286.15525542968703
122.76247976522863
-292.82824292176423
42.010198762769704
-72.2280581487644
54.902531402568755
-81.61568746874704
130.0946946300739
-460.1062142366095
147.50838806232105
28.12218852397116
-217.95419348756718
20.165076808643292
-7.670727102878473
-421.16527239935016
72.76245287497136
43.7058557632337
75.61710816991304
-61.297726741541055
-27.77068123042065
32.0795172079675
-86.75360402211956
54.91042183316044
32.08862527818856
70.55183727806265
-152.11528394056307
-217.4607691735858
-35.45433468723283
152.8093146697387
-610.6833283295983
64.08338841426182
-320.86417543693784
52.076003001389736
131.66474968590705
151.7168547543766
49.14056886383432
-103.21922716561531
-3.685059539459388
183.9643145525923
125.96261784594394
-131.31946119018372
-186.22393145577183
-61.53547357133462
78.1191824823553
-493.7437195528405
-29.23157994657261
15.384850142919447
-109.31946750226228
-13.25639029530383
86.77392991236468
-238.82279176177192
63.728875552745755
-135.80324110868202
-166.36192853159542
133.10375431008322
143.11084897421347
18.65721925837859
-99.45001553093641
-79.03172739982213
-109.4943986128537
-172.45315172662816
-75.50140041394334
39.16677651114598
-99.26344911985365
-360.9300226269878
-70.27729249596186
-132.41705827290184
100.07328676283497
-8.210948316313676
127.7184382610968
-40.12735605153331
86.45698054837065
-76.70522175178873
-86.00534599358318
98.81212074776937
52.142197355473755
-104.77977141252055
-304.700665607217
14.736297462450366
64.4978132666946
87.93058659232298
-10.676112526214908
-193.6486029533092
-275.0536277704749
-42.840712171852715
-24.2508391851796
-19.581109466918832
5.192894771709732
-46.32840265640185
-115.36366596739168
17.036792039158584
-516.6805888248911
120.9196648906146
-46.42668826994975
-33.04444422963641
39.344738486481006
-95.74533388051371
-265.6038723046899
-178.83787970804713
-58.87199235733601
136.27471141073664
106.17265762033568
-202.11963534223727
-386.76742789898384
18.981171606660723
-336.5072500484199
1.9859424962451726
-177.38092380296754
17.78814972659626
-392.42663723756135
-61.35928137328244
-7.072908548026206
66.63523790094152
-164.00923955425674
-81.33289064663607
14.070882121983658
73.82055703309543
40.90762025349142
57.93043889013744
-28.47790971947066
-44.75764085709477
28.14925965263606
-174.31804775858083
-17.403148870650554
-56.60636797744678
20.510212515606298
180.05816494112142
145.39342674948267
2.086187584778955
95.751071074037
-156.91479058311748
-446.657607356655
-284.49797969783884
24.292371905193036
41.370509103288164
-44.318572922766094
-90.9934412415474
-66.93952668083202
11.38016534296861
-363.4471909127074
-252.66464165413873
-237.74939499380176
-460.97111524432563
141.59529552664324
-55.657691816194074
-115.4077871419658
-32.40272805039879
26.97171937434355
-47.27898188118098
2.7194767264288373
-635.8410068724311
87.78362979287081
63.12460258049707
102.39499852865528
-126.10912613891158
-133.6216439164225
102.95209932412371
-194.04748492421453
-37.49912264601983
132.9431251314422
5.14470871686693
-210.72286819813652
19.3125642858663
114.75122283237222
30.13240734505986
-23.585351180345924
-3.145787520335972
12.660948099847545
-145.29749979175276
-38.579816268185056
-240.76797632106562
-65.70663047976282
-381.1370981935655
-280.55150029978176
-44.768675128471344
-73.0600726146566
-83.91768930964638
-108.94547257008698
182.63459238018524
-79.81449382529124
-402.05045800547293
-269.731442668588
-975.0558546208388
102.33375208755028
-92.65765188335277
-175.10431607981374
-730.9975225047126
-21.51817771205674
-15.89836270804409
-97.85790580941747
-70.22334493279844
-357.38966552496413
-138.7876016142203
-543.4048882448602
35.40345455078216
-37.644078579902484
-44.559272254064894
0.00919615577296895
-67.00115268320936
33.69105922518948
-80.9548527536271
-276.52430784050125
12.047685222281444
64.65507044262692
-191.52785329234902
-290.4246903847634
-46.61590274690103
93.0779191845688
-37.147403796617155
-31.805213043854607
-91.77130893676366
-162.16575097489056
-22.83864339037838
-38.62937533725625
-292.2308314824493
98.49543340113075
95.49038874882778
75.00084363958166
-225.53812810674899
46.478599704460734
135.02367622873982
19.10089783588019
-255.86071753548114
-77.51661074858723
-12.566451151747984
-21.73700676380615
67.71557415358578
23.854665895988703
81.80207450296902
-97.32434454949393
130.85162050021617
17.94235455814089
-176.3846767867276
29.21771355889436
137.77070127027653
-106.19857258911978
-158.860481820255
-355.1477197241734
84.31661958209946
-108.34263625021383
-73.38069964904057
27.75470698612358
43.51344219642667
110.05050900907591
-4.708239130325737
-398.25634071851357
47.35995700229041
71.70024618781028
-256.5045154488076
-627.6812074133037
-199.1132548788968
75.2093541179066
91.88955369652707
-236.23712570684927
103.83486405132038
194.10371885186868
130.19380073141906
-24.85050605614215
-92.66034958378374
117.29803317443216
34.95868625144573
-103.7912532971597
-75.71060607211652
-75.32676753525016
-48.98045840891709
-22.048456517311024
-48.332060415263726
-195.97383492304658
-32.609828800455574
-63.30956582577774
-33.45724152501137
-422.52235910539804
29.131172929307894
-2.059411700774774
50.97646860060213
21.582052924709714
-52.01078024113086
47.74702048895535
4.0884098257702846
-212.26417078605945
160.36913231856818
-871.8685762681445
-9.743206301967803
66.21873170064504
-67.14296089200982
-184.3281286332853
160.76154034070532
-228.1110448242177
64.43872168782286
-0.4905905030378648
-99.90245581183946
-599.1304703535441
-2.8054925578468044
-23.507293782956452
-588.9588584720124
68.83520307904647
-51.458758209112304
133.58090564885333
6.178519949315003
-338.007152596989
42.95101362840883
-125.39877519738339
-218.8817265531277
-78.42629850950625
-190.3164087435847
-51.166963430833846
-18.34311120521909
-868.041042558231
60.28357956837361
9.996749808401248
71.79634852020851
-66.21116363431065
2.0490263942377425
140.22050805582296
72.46785939966642
-179.99968660852707
-242.19828808496004
100.49972603062419
176.33997924997402
-134.66052895771747
39.03727122726946
110.74712124997741
116.26000720071693
-87.14756776071711
-142.5733168577933
93.75024172582994
-165.10771157785607
177.23557233097628
-37.98851953206922
-496.8083899303421
-245.26806469979854
98.65948624768603
-33.4299228396297
47.40165996233198
-590.8947174597072
3.3895979911966236
105.27220270482135
-69.28132713104745
79.03342251815177
37.57717581255751
-153.3139021137186
130.18250848282923
44.634204845491624
19.3334540432774
169.89229159141144
-107.73571006038054
-140.2284979394446
77.4807543441532
150.38776966221837
87.38349121548787
51.43146848030193
66.83393246364182
-69.35374562959106
-686.826231697164
-221.96380749951823
-141.7239360058805
47.40667276490034
-49.52197061272322
-630.9128435275862
-40.1855426164184
192.32186550956047
-397.82030520374974
54.787970091401895
87.06616105075642
116.16075900571938
-238.50610205474632
104.46536632819159
47.99883368157129
-313.98757282588633
3.4106238090832335
-72.88611464784742
-73.20495123793984
-136.48071962146548
105.83709318492348
-47.92104819697089
72.16579427258387
63.9043499635874
-65.78649551139267
174.31931130104786
-64.69330439719549
-4.824235537974488
53.54144308824239
85.70526626763605
172.72302307749217
174.62723143179494
80.12669283489264
-146.35289980931344
151.94817777240738
5.73546799825597
110.77423936939552
142.8705147394963
-162.7263190515891
-36.451084329542255
-282.38663884653573
67.83734482702953
-40.924365032438374
15.63902596462863
76.935046393281
20.537753410535828
-159.2450675747084
47.23332885946171
-359.73888561217143
-583.9003408228419
-354.3380907705356
20.109832948551016
61.32074268283233
-16.516303971435335
145.20532623244074
30.75465510077106
55.85844041302603
9.980459508794752
-87.7883934482225
-102.77434941737039
97.90040054629051
26.743965054142663
103.92162364315628
105.28422178255043
-5.844825856546379
-11.41201196809483
169.58100168138554
19.858709875867746
-40.59240588838422
53.41326960765899
157.00065108515102
163.70564574319093
-53.96435224046806
-245.02718331928844
-116.00737474671372
-236.44257691131725
-139.27472168140605
-24.733581768266603
-4.0379980657607035
84.94045473273101
-364.41406608913644
-58.850961881922444
101.22576619946827
-4.095655925964564
100.75541719316773
-442.6566552964375
149.37495025718607
112.69646990129209
-218.49467042458502
-62.59911295742029
19.533737859941112
22.385285343091624
123.48084363227639
-116.58586765128527
-225.14494596435696
33.219980558451724
-60.06091286876834
124.10999793258054
137.33839843997174
-215.06072570983972
-57.25062930338973
-0.3914142639765714
-32.11963085035035
202.57981355117005
73.5538189126562
-41.89907403982366
17.342873210689348
186.76799464293504
-16.88138669706717
-768.2854914321383
129.38759003539838
111.13433331172597
69.21296915004429
-2.889318611000874
83.94462232485608
46.590983221148306
-57.58008472098712
90.11861446123778
-190.25498967148374
25.81922638835887
-5.921796254753005
106.61721036002149
34.1041736854866
-19.456194672364475
18.661647243142852
-371.369689181542
52.037077704186466
71.90130290661823
84.52624788774322
42.28801674551905
-84.98412452759887
-150.25183949451247
71.07584538022778
-20.942356019270477
169.2244258927524
118.94066883786296
-217.30730874914067
-39.74868481867935
100.09180373700207
-83.83218108795415
-294.0674218465614
49.53634124314475
124.49020568421244
-136.56979929425842
194.33960058924873
14.588856118962596
-165.70169325969755
144.9948541297552
132.95243495812474
-103.54883712906731
-293.757062277878
11.755803666060345
90.53980093657569
80.65019558199346
-2.926784168101676
-63.45308141349611
-249.2527848761787
-116.63087001039358
10.14398394366792
71.064981792668
117.57450023924686
-42.22771043794654
80.89038645247653
12.01853413140266
87.40199178729951
128.77214752415765
-74.33827204699834
156.65822966499707
32.50708526499098
13.23305236966975
-141.81842002317376
-4.859699126259713
-58.713902500562114
-40.80793076613193
15.389675170976176
-379.0027367524069
20.870524413108868
138.32807200223306
48.52752781664187
-257.80998780771193
99.44991196600657
-105.54603185546813
22.98077349588563
64.64061301215344
64.29790607950332
-80.32925747204456
58.872643076935795
-82.20284897749737
-229.39148024999167
-133.62819764598873
1.7078106304357163
62.52120830439475
39.247168963349495
-151.41267522680073
-72.215300992703
-114.125785816346
-13.187156258826192
-128.25596827317975
-695.466673046499
77.73957271656616
95.00742516526104
-2.4573023239774017
-176.50224650169838
-484.71431919669897
-43.644127744954204
90.07265069765103
-321.4441053051684
-157.15835317552222
7.43284525342969
-138.27126442441485
-227.05936133979336
58.82792955911892
202.31935460347114
-483.52491314769253
14.60727025758544
4.559752655824923
-233.17721821611275
-329.29131092088005
-4.143399167881455
198.57486932399374
97.46163553484635
82.35065458695864
98.91095462392913
-117.27748272399805
43.84604514034706
-84.32720967457418
60.18619830635417
16.358054465820587
31.224250588595936
30.240092783559575
-239.72883170056286
-290.54043673353203
-32.088089769848196
-93.19975661234096
-4.491149082004966
-10.40819328269464
184.2918561144681
-154.40218874970503
87.69861738937601
-352.1657951464415
136.2103838945674
19.93677712216524
17.93259400249191
11.224014395886385
94.843073262168
90.60179330973294
-21.79741428873966
28.751552994114803
45.05528395756253
-71.53656666337217
40.131215918002255
-234.49163656293484
-19.06323234943052
-165.29532460453436
-99.89914111871437
-34.47091222578024
-281.135516719446
9.891344355087568
139.72728754219514
-12.185522320340908
162.97551303360808
-449.98296988300234
-43.66215227252968
145.0934977886547
-89.30243108607982
-86.03021453754118
87.97775345259114
-194.05087797745665
-15.977052803905394
-16.207115746503433
-104.83227739697585
-187.7407535761758
101.07752867932824
-61.84361539810163
-4.495246605334643
-11.580618471589702
-303.3272796799806
5.870402896329367
50.86904321715604
116.1376482642435
-281.35523953153796
118.0181865481071
30.092212285507642
-24.75583384587992
-21.66200603864992
100.05808340383555
-94.58834295316784
21.55352119120579
33.03518571771852
178.7232125692806
-294.1971927326323
-182.4915057138207
-70.08880645762113
31.8952423510148
-16.65408487542743
163.87376128421522
-815.4244356518084
26.347729928530114
113.44245292321592
-525.6581803678162
2.9376029099213383
5.246885870824187
19.676014669609813
164.78288083247438
72.44524502248244
-329.2217256415968
-60.53403925296057
-266.7920242922647
15.81776941831123
-690.0684265610195
64.12712597351566
-107.86465601586468
189.90908615326234
6.111822612667396
18.389676059449528
0.9064163349527234
89.51760715644032
-80.48138193246047
-49.41067037301559
-240.51417577913668
66.56959428045465
-266.23311264831267
-34.78997503357954
-15.420287349534519
39.40386131686975
-175.2708510050248
30.083533240070608
-227.33326376758157
127.02671072178876
109.15179650918704
-87.26544033591983
174.23611068594954
-132.91837495525766
-135.37750645225782
-15.78691126136637
153.06093825223212
-164.43363472779933
87.86955706825877
36.77237493511632
20.422087053062143
102.32284959623574
-62.895357215049685
-20.937088467665518
57.52746126851686
-110.7531923219297
-264.62005759814207
85.99502067253951
-463.0386006798691
34.18627713522109
129.87485405258963
155.09706753460233
122.65472393327613
-60.82393195352499
-270.52305028603837
116.30480524038859
13.45406659692759
-96.01762439882968
29.56705746941242
107.49285624036261
184.83733947261078
-29.087189538059164
64.23358300557194
148.5889898727283
76.76211289190834
71.4676822093457
-121.62129248885375
-67.48931143768223
158.4043227273832
27.243110161165404
62.38138143853069
26.13963991313416
-27.876149194778463
-42.65826211994654
-94.85753153330238
60.679856265857694
-550.0621808837287
123.06475257139135
-287.6504946300281
20.396493580305716
23.36034675770499
-40.297245115693556
45.24735088608255
102.29048991117645
-42.83579137509477
117.45470114942754
-97.36724697513465
-254.5583340150739
168.2310658119201
52.782514816885254
-186.21306956162636
-20.843137893488702
88.34194034375456
105.83321099322382
130.5557215976521
90.77483488466044
81.15065602682365
78.02675277005568
29.804384703100965
-12.559981249336161
18.97913330358135
-585.4923361590488
-11.506124201454867
45.47324090551483
-132.7662315585255
-222.28562033715932
-151.27934486044674
47.26110018421749
40.3543725928629
-188.76598087851696
-478.6160314295523
-160.92459257568606
93.08314802185814
-18.342928083054034
19.154724425270373
120.53092882648907
-456.8142905724004
-29.02364875752032
-269.1261485426344
20.64224676960221
-135.32471017913974
30.561557702555405
106.70706649305966
-38.662062902339315
57.982412164476436
23.04130390218758
-212.03559234912527
-270.62416142744325
29.635625703232023
-649.5925068403303
-288.0900995191058
32.07502160443639
-46.07534885959954
123.97640756504282
-183.0666420590129
58.140414248236766
-70.84760306408354
124.2786224177613
23.735502308626934
28.640429906907855
-125.50205956230808
-323.20328898534035
171.18404889576277
97.97165191997313
92.05450998966683
-46.501959590049935
-8.875675549835421
39.51149786057212
129.73862168409826
7.169535544118673
135.98130410709754
75.22424552159646
72.08399680587041
-134.22061585376628
67.44178715138804
-107.09283750206752
-114.88395418210531
133.1950539690203
-172.71995662836
109.31802396502604
-217.01084160096008
137.35425261832472
-205.70291798661032
-388.23820124410247
7.213366729395972
-225.13877675005034
77.56082245526977
19.38046869341271
51.88027674316952
6.856130556379398
61.85840076247441
40.60144091730972
75.34606726218101
60.53524059871829
123.37253172718901
-127.75472685313798
-100.65226487208254
64.38019090568005
-36.41841585782615
87.02231975578015
-360.3857033137215
-65.48596556974806
-232.4291138821539
127.7233114169604
83.03583901068437
175.84038165235154
-76.10921603221095
-192.6634487715724
-42.45475265677317
-608.3422233883102
-46.8494501111239
-25.9588233736404
-22.572867004960315
52.440148258817075
173.53595586732013
54.804908188318464
-73.57168176694424
-227.29874736527188
56.216357720463655
-175.6811588642512
92.98936016000675
-28.37369877695565
146.9612059716374
96.25853860663352
179.95097701617664
45.65971252202738
-374.6889689070485
12.18937414928564
10.089177533475905
-87.12837677973863
-166.2828566837548
151.0854616771152
-49.42736308862463
-67.33187938697324
-44.87600519279161
0.07468207868926413
75.18307477251079
-83.11346825837069
-42.01299738969777
24.716364063492833
-140.51442818852775
-106.1160280136105
91.28042396836915
-455.9690262051057
29.791776947655222
-76.16359594730137
126.07793752304363
-238.6543019491294
43.499448585967414
-395.5871017165007
97.53970615404774
8.921137615032166
-36.35995293859179
76.30160319944201
154.25521585394455
-180.08643178179003
-182.756151402548
-133.23916260374918
130.641569321277
-330.6118607643769
67.5616187879227
55.19526548424894
-59.87770761377239
64.28233321813396
92.53788170695597
-243.09047546465132
111.57398828540533
-193.97026614159483
106.75111010413755
-331.3609807199086
60.29047246929924
6.857935462616538
12.567275535259824
157.05052984256267
31.956722298129407
0.04315637647287929
5.10449830801727
-200.1573787302516
-4.93361365323257
-310.5691492920458
-537.0029496308064
35.8355298276268
146.80153171675852
160.92211376732632
106.41839226481662
64.02605042293595
-242.50538203840233
-63.92895302075529
-400.50125051816315
37.947291231943694
77.89848046948549
180.0430322289348
14.541663995459317
124.7358526847976
62.065046988213666
37.62674512976591
150.85484451094288
34.37957830076763
24.225301299092465
96.34319700515888
-3.9023639305193285
47.50245100831766
110.37887829098167
32.86168208583709
-6.66307416975539
92.63424720967959
142.51771666023973
-207.2042698581566
-30.142556558056
60.51013070746966
-141.5473673347508
-29.56718591322587
-48.99317778081941
-161.207981660316
50.52333424800276
-143.6982532716092
57.65144838516461
-492.0013285810695
-37.84454128768523
19.178626385792043
-76.0912556577924
123.57520332075723
-505.1033937810089
-63.74603155133319
-110.15688473582823
-125.22638305587178
-36.3363913326132
71.94743335534395
92.44422571131611
-404.85848834248765
87.51416214722829
108.91575116755496
-56.07677034337428
-78.1905089790818
-59.01311676172975
45.004859644909914
-150.56267728307353
127.06540581794226
48.90016064587676
-35.59961316594422
-24.545834936456856
80.73450994474149
56.97731907601726
132.10639428219622
60.567442196949386
-247.16279093583324
-28.25044326061507
90.85631871188244
146.31883970254748
-19.479622576630092
5.1820861951417925
-50.78490631167655
-125.181027586424
-9.644077678812707
90.09257149369489
28.75493833202539
-38.695294365011705
186.59822531843173
89.79801933440335
36.165235561227746
122.72545774912938
-664.1305252785762
94.58176694912994
125.72277514453745
45.39150349679094
64.30138027882664
172.26153507543216
-186.28804778212373
27.421756032532997
-295.35089646391265
129.55490410613407
103.8619073124563
92.2186844128166
-78.17874546548109
49.23064806364664
57.451063220171584
191.0459254421795
-13.496602236598747
123.95424383184007
-30.681792044168517
2.8989519438568294
88.54728491865086
-39.88517054501125
15.092580797164544
2.3620415131704107
65.58798069541061
59.908826570635846
125.76353578040536
175.1114616567021
-383.70050542809497
144.575281916986
63.596244979102444
146.14287196819234
61.19227165740479
36.08013733440231
-131.78466758359426
-101.34355993809879
115.35317667332478
-33.71867415487425
81.68183127971115
-202.53403250218292
-93.73249697932799
172.63159402982348
29.35253615567275
45.672311792024516
119.45210135767817
-344.0028427593597
69.98460072841144
-18.451815182316622
-163.85381924897885
-77.1462578068847
-111.89150992231492
-703.0480476693892
92.87912179964155
-97.57961421213088
-298.3642504123892
-59.23573523014798
-125.90359743094419
-32.32453303130292
75.22138944422485
-132.8973994948391
-325.97768200305535
162.0212643514627
7.169608014598765
106.77992977877682
-210.56477827787234
-10.440705537281957
63.30052317280497
60.15090147983691
-111.68829992103906
-555.8686936397778
67.14784650488346
68.50292673273069
-87.63303279582203
70.92315310979765
157.694468719914
8.280783142016176
11.62797399432229
137.25987752205913
-169.93980005597916
-17.598091239913188
-84.79204201646121
32.21282874137438
95.89889830214693
-595.9039774024405
123.78768872960556
51.75979978920731
-256.9413207216422
-413.7040872583205
-66.42627721007807
-273.05055263430086
-291.4271091999759
56.98868630265124
84.02144437219867
151.45540732874554
12.828273776042494
49.316201673222466
-94.64767606463077
164.87099767479526
-224.86968585535476
52.70907749732814
99.12002244018633
-101.92961517220976
107.13760157479072
-136.8144052687477
69.18461335232367
-32.566353391903476
-53.56090700338849
-105.89243054363796
123.41234015372888
96.93952998147181
-320.10717657100486
25.738687810285015
164.4307859314889
9.633951427293923
26.996418217227713
10.778122364585599
121.60597472412782
-41.33746245718871
-91.03817336978456
-20.676440947489013
-224.36631864980947
21.443172636546294
-543.2458605924206
14.219849903834742
-81.52409021164432
25.029445758210727
13.440949353283287
-48.39918247226137
36.90512011038483
-425.0696994528689
-554.7863380719785
-46.30661575775015
-41.485188600277795
153.00796345834212
79.45240344984359
-100.46472402787627
185.45536335044392
156.7938758012126
-56.530851163746036
1.9835070469475227
-370.2597531680737
8.77134950144952
-22.515808110942544
143.70650546398423
84.93237720891528
-210.41859300244178
27.021394861149005
107.17096407538318
133.99175524459216
-226.9594849557345
-383.5373816496518
-27.782507203825475
-18.57353138385136
14.86566698272648
79.0874910420708
91.06286614509662
-8.91058045240814
-188.92820472849496
-400.5228682419536
98.42675739822383
-830.8487353666133
107.6725022124713
-663.0438919167198
174.62036284409456
-16.821387600694337
-122.78946209118365
-33.816419559467136
-1279.2574824301435
152.50951907212945
124.95594944684748
-148.5978418841062
-666.0951221392185
-29.064937527991844
59.53092981095056
115.97038896586695
-328.946183580778
18.588139044284418
5.508053420990606
78.41147970323311
-482.1951155736566
67.18213455201374
153.90854983379086
-336.8877438579352
12.674888977096103
49.674166719235075
63.45876012914605
-15.297659691838945
118.61265413687445
79.52143378769989
98.98500917235525
-184.125186691674
-431.6783757944904
104.33964886604993
27.975875857364528
13.83762314267419
-41.26344525564683
25.763575671857907
-12.631544551419609
54.54174456126405
-50.49907942957279
54.143046147358746
-120.96425132358377
-42.52316530241987
108.70314326496509
80.33462033515698
117.72004763071612
-128.04141750129685
-52.06256210671103
116.29320758414806
-74.35869106292361
-34.794384294722164
93.89472421041077
89.35311192489854
-489.30008534761225
-377.51787012214425
125.81435123205716
34.002789024342235
-73.30719488686931
69.4247441721454
-409.74417470422077
-96.45016505897547
-253.64362579286552
-16.212847744612247
60.91547217652615
-214.81108814178424
-199.31846129309534
-182.49054345577656
-124.80246031543703
-440.7352730578424
48.133130208547634
-259.5881959939471
152.5167277275314
187.19182179987166
59.07201145137747
-174.41157117402747
70.87257029147435
-0.5955642284304901
-131.86316089148238
21.642615233244257
88.89909891866628
-45.340797316880966
-124.2991210250647
-494.87986683000025
-38.79032851847121
74.9932709040897
172.98554290202378
-121.94058955842276
-61.67265080982938
76.12011940348923
-36.88384206101162
-16.27595010277193
118.69958257652134
-132.7003193684417
95.69511502650019
150.05670233266255
68.5043612909368
11.20507271804469
21.0860034703624
44.091008164237444
130.05167269439647
45.78593680979292
74.45320942676908
-176.33155007205687
32.44511760636037
110.11548697561423
-77.51879182554573
-277.9485047432098
34.83107764812115
58.36409697488258
-462.8458158051162
58.345768842700416
-277.054746033811
120.67053580350938
108.63430401705558
100.32525261675815
-67.30454857374768
135.28495342891685
63.83012834267748
162.9932819246789
-75.13960026753637
75.72446071252439
110.81678492460243
102.5715840795136
95.50680514733625
-75.29583624996135
-161.49014986998003
46.80192270874839
-147.954311591024
-312.35038037138605
-195.5392280763124
51.281673124698486
-181.9971733006442
70.86386313246616
-33.436197131911456
-584.5619073157314
-111.46939054721443
109.26100830916658
-95.52903408499967
180.2317988826952
-122.59290612999209
170.17433262674876
-169.37335002212333
113.81243169191823
-56.66222472010877
-904.6765606041836
-40.314547430343325
-85.55861787649772
-74.94336998794483
-393.59463719877823
67.69600339634752
97.5987266390251
-114.99508906933441
100.97563305993353
-67.48568566006148
-71.31236969642478
55.699836410247265
62.86893575795659
-11.518558447407173
-0.05705806938878766
87.56823074595572
61.83282177177992
85.39424630772108
-772.0658804384584
54.926518777985386
-3.1716544484877716
9.528626158430498
-76.05455623277177
80.29326633770333
-188.83168347507802
58.79327188120781
-84.35318668701943
-38.90946272571374
2.4921016750068503
23.49947372428106
-196.63977184665117
128.98423198317664
-118.2458201425635
-1220.2408846096857
2.768919908929618
89.9191566870716
115.88815664778936
-6.8334638071397364
121.23996263606925
-386.2117351579028
102.856521625232
-492.65653348189244
68.21999687480428
-51.673624171085606
63.25322522804819
-98.7639821010935
33.062840069968544
134.9368657637558
-133.49396495783714
72.93934001969214
76.41841139833475
-172.26699900478502
14.414686214883147
-13.389406611949
23.732288735526552
-19.888447499354754
-30.291990185289905
165.5372119654945
-25.76003990932618
187.6160814081416
-47.72265307081105
92.62930759079792
-30.465358493750358
124.36445329369529
48.849985090615206
-156.63671016005577
54.719904775210864
-415.1997231304724
-14.122205917270279
128.54651944589907
-55.98314734112246
96.69436441058947
-36.7976003559517
-326.1974867004983
-43.621869321162265
106.07212912836263
-117.79992495757038
-212.19717993191085
-86.37066170234444
-127.40824011825933
59.69713835706324
143.172861448584
-77.4700933356051
-332.00826960506754
-37.05825583406727
-244.09679839708878
79.08804307993898
-50.47274687269601
129.56888228885407
71.23077098676416
-520.0629958048529
136.17215210262918
-187.60628560851558
97.0120372756998
-99.21345419933101
-92.68693888114919
63.99893648668119
-316.15252221156936
98.21117893773847
-271.4784041468799
-182.90517653705973
210.2849850402996
-216.9325564724654
103.58012781184084
-81.18452177360535
145.66713444668835
90.98656372304274
-95.67359730997703
80.79330037257175
-875.4058729410816
23.626074108911013
131.73033156487486
-451.00593712307057
74.69707880451477
123.189732625884
158.68084260701923
104.55877546370003
80.33011276988688
-221.97828158738253
-316.22598318711766
74.22837491326379
-97.61658126723964
-17.500519193349973
50.437795756865945
-39.75455089924961
-247.98328538292895
-176.78218299722246
-136.38937982122695
-90.79438657586923
-886.8690003077878
-22.28941421169992
-30.027228054088823
30.430621446668695
-1.7911872752575846
-17.846789146522198
111.90640642835356
15.861072138462376
-47.25401984932937
194.75322001610976
-1243.2120122079543
105.83034854410269
169.37692478550125
110.51433888666142
52.017337079787104
63.03648960434918
-51.81845765809969
-22.989119020737462
53.48582322909262
-22.559559914786107
93.49926555448137