33.744559748398444
39.75816728968146
-64.21764943928669
-116.21125122740794
-168.09012610466715
-251.28111349420044
-215.5971279891616
-184.1451192525507
-155.1898601839686
-158.9861561025599
-132.61151240445352
-109.04713578549332
-107.04054244816166
-129.83648820334548
-108.08754318569807
-153.77878886712824
-131.15874235114882
-150.04286811603396
-155.03858130443058
-183.03472317398752
-157.6880107828985
-202.91920970460865
-282.6272887341478
-246.41573619181747
-218.46062220693025
-188.6293615814264
-269.76642542328375
-240.0997674321726
-273.5897906889553
-236.38798229876497
-203.00897428948974
-174.60449831510869
-200.64404848359783
-170.83172527478095
-224.24855274730285
-208.1467786026015
-178.74633493255936
-260.8717014393034
-230.7349564867768
-197.07097381707302
-168.73004379257927
-144.61758327215472
-230.15582494493924
-198.27889686870836
-170.08217090597046
-145.00905384229492
-179.75920100105142
-261.7832809009463
-335.60495281085167
-292.52627674526
-339.27364907073405
-405.34628416366064
-437.8116557472946
-383.76635790497306
-337.4725014980561
-415.7252513482505
-519.6527262134255
-460.00342000951656
-514.0030780085649
-453.4189914480559
-497.5770923032503
-445.16219188670584
-500.6459726980353
-550.5813754282317
-492.3968463034641
-543.1571616731177
-552.841445505806
-539.5573009552254
-510.60157085970286
-535.5414137737325
-581.9872723963592
-600.2885451567233
-612.2596906410511
-553.8442490248693
-538.4598241223824
-476.0447063672327
-419.8601590860221
-368.57816786734764
-435.2203510806129
-459.6983159725516
-454.22848437529643
-455.8056359377668
-521.2250723439902
-459.09312449222415
-508.18381204300175
-530.8654308387015
-468.15980295461935
-521.3438226591575
-460.12156602343936
-404.18855855753776
-482.269702701784
-543.0427324316056
-572.2384591884451
-588.0146132696005
-522.5963007330893
-515.8366706597803
-494.2530035938023
-434.662000566728
-494.6958005100552
-490.7262204590497
-553.1535984131448
-542.3382385718303
-527.1044147146472
-574.8939732431825
-587.4045759188642
-520.7721199522247
-464.1809248419795
-409.8052700218509
-468.82474301966585
-526.4422687176993
-469.3396725246228
-416.93118685515344
-415.2380681696381
-406.71426135267427
-355.9400045395726
-424.84600408561533
-379.51445552720963
-336.5250033177893
-344.8725029860104
-334.8852526874093
-291.7227123019927
-350.05044107179344
-340.0453969646141
-406.0408572681527
-482.43677154133746
-503.6930943872037
-574.3237849484833
-509.56876567971125
-451.98759745561165
-515.7888377100505
-545.7099539390455
-544.1389585451409
-480.0737692721616
-532.0663923449454
-475.9143413603904
-529.8229072243514
-576.8406165019162
-523.3843380774076
-465.17470825657665
-518.6572374309189
-461.40623186927644
-536.2656086823488
-473.18701903790543
-511.4870224347268
-496.8383201912541
-441.6559185355457
-497.4903266819911
-549.241294013792
-594.3171646124129
-571.3854481511715
-615.7469033360544
-544.6638559354135
-539.6974703418721
-536.7956552092628
-474.5201435434924
-417.2238717726365
-475.50148459537286
-527.9513361358356
-465.5977324850022
-410.91678862441177
-469.8251097619706
-447.8425987857736
-394.6101690721701
-349.3443374721904
-305.69940389899773
-271.99835309550843
-241.20477902052576
-211.36166123727838
-186.54242586564985
-157.82379051691026
-134.52041355365975
-221.0683721982938
-189.38346957973525
-160.4046826750897
-137.15068235941942
-113.82222324385013
-202.44000091946512
-174.05256091592364
-179.6473048243313
-187.18257434189817
-162.91832850947912
-246.6264956585312
-219.96448751571538
-266.46803876414384
-291.73252328070475
-362.5592709526343
-340.24851569050173
-296.6078895478284
-262.329142385339
-225.4578365102927
-194.52357398878823
-186.473243716715
-269.32591934504353
-249.67154709250937
-218.55261109423625
-201.11604680144998
-210.00444212130498
-303.0039979091745
-262.71668761894915
-336.44501885705427
-309.7967511398217
-379.8170760258395
-441.8353684232556
-388.04783548246917
-339.40597507859934
-319.6004219729442
-277.1652255640082
-319.9487030076074
-363.45383270684664
-318.4993771622954
-276.0874415624021
-238.04439805899358
-212.72254994462784
-185.80829261536897
-269.22746335383204
-342.30471701844886
-411.074245316604
-469.9668207849436
-414.8046501015281
-365.03420072613477
-380.5307806535213
-334.76557950170275
-401.28902155153247
-473.66011939637923
-498.8220581828889
-441.92646943381226
-497.73382249043107
-547.9604402413879
-504.9075088361258
-554.4167579525133
-598.975082157262
-534.0618984734957
-580.6557086261462
-520.1884027533953
-459.08027789070604
-409.63648702202124
-366.2133755575766
-371.092038001819
-433.9828342016371
-380.32731309051746
-442.29458178146575
-498.0651236033192
-542.7586112429873
-488.77744329549023
-483.39969896594124
-449.3818720228969
-504.44368482060725
-476.9993163385465
-524.7993847046919
-463.8210146968199
-409.3678455889221
-468.43106103002987
-414.7338031806273
-482.7604228625646
-534.4843805763082
-540.5359425186774
-563.4823482668097
-496.5698114225807
-436.2356397412113
-493.1120757670902
-547.3008681903812
-516.5707813713431
-459.30270129889254
-526.8724311690032
-499.1851880521029
-498.2666692468926
-477.4400023222033
-426.4110296470592
-427.2699266823533
-376.53564176054874
-386.38207758449386
-447.7438698260445
-425.46948284344006
-401.42253455909605
-350.4633804821269
-339.4170424339142
-347.4753381905228
-349.22780437147054
-312.738742864908
-394.46486857841717
-382.51838172057546
-438.7665435485179
-427.38988919366614
-376.3130251768708
-359.6817226591837
-314.66831873521215
-311.20148686169097
-301.58133817552186
-261.68999657992293
-273.02099692193065
-237.1509499954142
-247.9358549958728
-213.68425148043607
-307.3158263323925
-270.9205891037325
-239.1613131781041
-267.2451818602937
-231.01271360279114
-230.91144224251204
-311.3202980182608
-311.1882682164347
-271.135725247944
-233.98137930949707
-200.47698707782507
-229.42928837004257
-198.75609513008195
-248.38048561707376
-215.97128124027128
-214.87415311624414
-315.38673780461977
-383.8480640241578
-395.963257621742
-347.2865461424578
-412.557891528212
-362.42630640113487
-318.6089630393005
-316.74806673537046
-305.5732600618334
-265.21157177677645
-280.1904145990988
-246.89847607566062
-244.20862846809456
-248.2877656212851
-254.4589890591566
-257.0130901532409
-222.2174075543988
-217.49566679895892
-189.34291943382493
-217.40862749044246
-246.1677647413982
-214.9665770319354
-217.96991932874187
-240.67292739586767
-252.6056346562809
-283.3450711906528
-244.99399840965208
-286.9945985686869
-316.29513871181825
-276.4694811035353
-239.50616665930067
-205.39136574680828
-174.49781811627403
-215.04803630464664
-184.05069432067006
-219.14562488860307
-187.09244475968072
-246.88320028371265
-250.6948802553414
-217.18267075134364
-305.46440367620926
-264.8617172651056
-227.8675887315013
-343.0808298583512
-335.2727468725161
-293.5933170750728
-291.7339853675655
-312.5605868308089
-273.7536073307251
-236.88805148168169
-206.25642089227335
-224.130778803046
-235.21770092274141
-202.61691421583308
-171.7064445472004
-201.03580009248034
-281.9322200832323
-298.7389980749091
-305.3650982674182
-309.3285884406764
-328.89572959660876
-285.8373327903181
-279.7535995112863
-242.23598278307
-260.01238450476296
-262.01114605428666
-275.310031448858
-274.7790283039722
-239.3885889851357
-205.58749604268948
-229.52874643842054
-196.61422157601106
-168.8482026184927
-260.9633823566435
-331.36704412097913
-288.0247111748711
-296.222240057384
-306.1000160516456
-375.49001444648104
-328.5003071366864
-286.0889406453411
-247.82026536010167
-255.5382388240915
-272.98441494168236
-311.68597344751413
-271.3794577151086
-235.7623435437655
-250.68610918938896
-348.11749827045
-341.80574844340504
-298.5151808943339
-301.1636628049005
-261.61941185103115
-263.95747066592804
-228.86642213935104
-195.50838988466987
-165.62548128658364
-172.06293315792527
-145.2021742760913
-120.03945901103052
-154.03551310992748
-178.13196179893473
-209.31876561904124
-178.33613666106444
-150.7935559761096
-174.71420037849865
-147.72529887911426
-173.95276899120284
-146.56198278246322
-176.4057845042169
-241.26520605379523
-270.1386854484157
-233.2455313451229
-200.90349853245183
-280.8131486792066
-320.7318338112859
-339.65865043015737
-296.02953202971935
-257.98277858899047
-332.18450073009143
-334.9660506570823
-377.9694455913741
-331.1105822272892
-355.4995240045603
-309.6619074526835
-346.19571670741516
-344.57614503667367
-299.99894896292614
-262.881793412756
-336.5936140714804
-339.93425266433235
-341.9408273978991
-297.29520005529207
-307.0656800497629
-266.42354322277424
-230.25408516287607
-258.2286766465885
-224.39762873685547
-192.97946681802145
-163.62206827585374
-192.75986144826837
-264.48387530344155
-227.96192445366424
-196.22286706066916
-166.32011840207343
-139.54036522963892
-116.49737735045841
-97.35222988091222
-135.117006892821
-221.6053062035389
-190.26814164157662
-283.74132747741896
-244.7778060040735
-320.30002540366615
-340.2700228632996
-409.7430205769696
-358.76866937580405
-313.3542247029668
-328.5188022326701
-395.6669220094031
-456.1002298084628
-400.48160733969945
-350.2307510649449
-304.78818872074305
-264.968680006864
-326.97181200617763
-394.27463080555987
-454.8471677250039
-399.3019144737066
-459.3717230263359
-406.97582726780195
-466.27824454102176
-409.51418999943496
-450.5627709994915
-535.0064938995424
-541.5058445095882
-544.3552600586294
-480.983772037764
-532.8853948339877
-603.5968553505888
-532.696140078569
-468.9205705897357
-495.02851353076215
-435.27573374954807
-381.7424228718001
-334.7838005826313
-407.3054205243682
-406.57487847193136
-357.78921444065213
-311.2161231782905
-273.2424642193688
-344.4182177974319
-371.4763960176887
-323.5912559176255
-281.1954071855144
-242.92396162911388
-278.63156546620246
-291.7684089195822
-284.591568027624
-289.63241122486164
-252.02044825028037
-217.30263436992502
-248.57237093293253
-214.10232636444636
-186.30979415541032
-157.23064400139458
-132.98602565769446
-148.687423091925
-124.26451264448329
-148.83806138003496
-159.95425524203148
-184.95882971782834
-157.2589968776316
-131.81245859614478
-150.6312127365303
-196.06809146287728
-257.4612823165895
-221.43503785843234
-188.84804067548276
-159.86853027233795
-134.40914957203321
-157.4682346148299
-131.83558841082376
-154.6520295697414
-191.18682661276725
-165.48369663482825
-177.43532697134543
-150.48195571164007
-126.43005787904139
-103.0015506955934
-117.20139562603406
-94.83711483331453
-76.0362481105551
-158.9326232994996
-178.03936096954965
-150.00571035566637
-158.00513932009974
-196.70462538808977
-232.5341628492808
-227.7807465643527
-195.31901868901767
-275.7871168201159
-238.37087278292412
-204.48425547860313
-173.88569245199167
-146.9660013034394
-175.76940117309547
-150.08014544074587
-125.53335068269047
-102.70401102669851
-192.43360992402864
-164.18047895314888
-180.262431057834
-265.7361879520506
-323.16256915684556
-282.75326780446363
-245.98295335836852
-308.88465802253165
-377.9961922202785
-329.8630732450256
-287.82150123457933
-249.83359341810967
-218.1612372816625
-188.38199339707643
-158.8412368917709
-246.45711320259383
-212.79126133921108
-185.74337798124486
-241.1690401831204
-303.05213616480836
-266.9168636709299
-232.19768467889017
-311.4779162110011
-269.92774060695183
-234.89413550075514
-252.40472195067963
-295.16424975561165
-255.40648735613408
-238.2432182171318
-274.41889639541864
-256.7414446515434
-310.56730018638905
-269.39437923423145
-287.9549413108083
-288.15944717972747
-359.3435024617547
-313.83442106182065
-322.4509789556386
-279.53582156798603
-241.30496020599742
-208.94679281976158
-223.55211353778543
-193.2782086351857
-163.91870856945897
-137.65759518597565
-113.41254155859625
-93.59781036465759
-120.73802932819183
-134.16422639537265
-110.97915463299987
-90.0166216456926
-71.18960767864483
-164.07064691078034
-183.6635822197023
-154.75191144180008
-136.52243514802515
-119.71678258783636
-97.96258176755862
-83.57479071213706
-110.21731164092336
-192.19558047683103
-273.9760224291479
-236.68458906619105
-204.0201433557652
-173.06436996675762
-145.13216650952617
-121.47673538474926
-110.34391578405562
-92.24229600076578
-94.05808294045428
-74.00328613808794
-59.167950817215896
-153.2511557354943
-169.92604016194488
-149.3181402039683
-123.89122785091632
-212.0021050658247
-245.02736162487363
-211.92264889657056
-180.22501094774137
-161.6194409549555
-135.29377440318243
-111.62503293134277
-147.9592361510538
-123.00991215385422
-106.08103762839883
-195.47293386555896
-165.7272727367654
-149.96026047445338
-173.96423442700805
-146.76061829065705
-121.61995108335488
-140.4579559750194
-128.27442769096166
-104.64710953065585
-194.18239857759028
-249.14243196500354
-215.18977815396542
-199.51879594846858
-168.92310314749406
-141.35982155875888
-117.30260894329263
-95.2613290742318
-76.693728655221
-61.55233467740844
-44.759049613994435
-29.865937230826987
-18.92375629171447
-117.03138066254303
-106.85549397180466
-85.41644917602272
-72.54802319112157
-54.58648430741926
-57.580139863651134
-41.00639200868337
-26.93328494484126
-24.682094806509678
-11.667433473534116
-1.388699364199379
7.790150639166671
16.351751770752024
25.218721786804462
29.322107798104565
37.67498018551462
44.12828241133403
50.39324115871458
29.52466583520934
-77.4278007483116
-69.39406862429803
-51.4162555406091
-57.790844229771515
-41.67032949032272
-26.86315858781202
-17.99505454415069
-56.16078073597313
-100.43865018662336
-80.23936806583436
-99.66459459171205
-81.68592169713985
-65.90276642615281
-49.52534476951227
-35.59484177639272
-132.03535759875345
-108.4180431261488
-95.02256680215261
-75.03045062336187
-105.52740556102569
-88.77908460950927
-70.76760585652971
-53.43879010270381
-148.09491109243345
-236.7854199831901
-202.93878794970766
-172.956509651724
-144.96005222457634
-230.46404700211872
-197.74331975341073
-277.9689877780697
-240.62082475486403
-206.96557691493555
-290.769019223442
-251.37521950851402
-216.08943490575382
-236.98049141517845
-212.51920941096202
-187.18933913023272
-158.43063718659286
-133.742878138091
-109.84339104315235
-88.29478669536347
-68.95903615644595
-52.27058954585453
-110.04353059126908
-88.55488399649943
-69.17280572943199
-57.141722122363575
-41.23174041989132
-87.10856637790218
-67.73618353075402
-55.34161005227463
-39.78437566203723
-135.8059380958335
-113.54968290061944
-92.5687328534256
-77.42921317102883
-59.349676700185846
-127.91470903016726
-104.38639925797693
-83.57119413847242
-94.71407472462518
-76.19729867570183
-96.57756880813164
-106.41981192731848
-84.9812871723439
-99.9831584551095
-109.48484260959856
-118.0363583486387
-130.73272251377483
-107.09293429651629
-114.38364086686467
-121.4452767801782
-131.30074910216038
-147.17067419194433
-154.4536067727499
-162.00824609547493
-136.12404039488172
-148.01163635539353
-123.64242204457526
-138.77817984011773
-114.72372708584585
-93.33434702580324
-110.00091232322292
-88.22097158922882
-112.39887443030594
-156.15898698727534
-194.0430882885478
-208.63877945969304
-287.77490151372376
-248.78451556437145
-213.66490616644387
-184.9320127862554
-158.26252204100095
-134.8748404040303
-113.33022002013168
-103.35614478312773
-82.30880630713024
-64.1023362282647
-83.19210260543824
-174.8728923448944
-257.385603110405
-221.53626695891708
-208.2403954551853
-179.19637660732192
-150.85722022919805
-235.77149820627824
-201.94035406466335
-172.98895436748543
-155.65130252726837
-129.41576748700845
-124.24037182181355
-104.14417550011635
-96.0308826434295
-76.71803931100519
-77.60207349461078
-67.01506801768781
-49.583273763141406
-33.857668481733405
-20.05576661222102
-26.24254335670869
-13.559908810056779
-1.9507849491154854
7.9491318722102235
-92.8457813150108
-73.60896280829931
-55.73531080080186
-39.22168290275848
-135.29951461248262
-111.69304701944897
-140.02374231750406
-119.87538902589311
-164.3878501233038
-137.19606047863797
-112.75638710424809
-186.4807483938233
-157.67846364015628
-160.63815384102355
-251.5743384569212
-293.4169046112291
-253.77107537444132
-217.7141258549859
-237.4427132694873
-203.0309115512371
-173.60447676196674
-146.95243734281433
-120.9306403763901
-176.8375763387511
-186.153818704876
-195.5384368343884
-165.93244656360207
-139.1810762571897
-114.58708983413231
-94.41695643766639
-125.47526079389975
-102.8928369516492
-84.78419091571597
-138.30577182414436
-224.47519464172993
-236.02767517755694
-205.33148631906153
-208.29833768715537
-177.31077306358475
-222.5796957572263
-189.7548109906536
-162.89841789061256
-170.6085761015513
-208.04771849139618
-227.74294664225656
-195.27383796841565
-229.7464541715741
-196.37278618625163
-169.1865418406227
-185.76788765656045
-156.33355866817357
-172.70020280135623
-144.87255941412695
-120.58237606526338
-175.52413845873704
-148.5399164803289
-123.1930075123343
-227.8737067611009
-257.0863360849908
-221.25777855681747
-189.43557674676572
-210.99201907208916
-183.15514538905174
-264.8396308501466
-340.8556677651319
-296.39748558266297
-255.8029627187742
-238.413349431301
-203.9064708183774
-225.01582373653966
-204.8396858485044
-180.2764725253046
-221.24882527277416
-248.12394274549675
-222.20488937065724
-286.1971269227655
-247.14606021415693
-215.30461415174608
-317.77415273657147
-277.2284218684733
-239.3013512962927
-205.30946225637155
-215.7785160307344
-183.60274434423332
-176.58473109438873
-149.10256939652132
-238.1923124568692
-203.78567712973322
-173.25004208949449
-145.57770476409848
-120.96517384269211
-98.40684753982224
-188.56616278584002
-163.03767362484106
-137.09191148473957
-112.7988804890154
-170.51899244011386
-142.8106617152715
-133.42145954596222
-111.89943660556857
-149.20949294501173
-133.4038217108189
-109.94927440640997
-88.39228025177445
-69.11187690717982
-162.20068921646185
-136.48038598855987
-112.49461950867004
-91.10441208377995
-112.49397087540196
-212.24457378786178
-180.20003823562163
-151.70475325591684
-125.67877424089369
-104.74326036758549
-134.26893433082694
-112.88539438985134
-91.63552405806948
-130.97197165226254
-115.17392408896585
-93.59555435619585
-120.73599892057626
-149.66239902851862
-127.35797814592038
-107.07471700707636
-87.65712975500816
-110.39141677950734
-88.61159235294018
-133.75043311764617
-194.37538980588155
-166.30038313972565
-138.99002117051933
-114.92027795191957
-173.92825015672761
-145.77270233332123
-231.69543209998912
-199.33954516318207
-170.30839718594427
-195.27755746734985
-165.01346322168715
-139.13904887110374
-124.69824395699993
-101.76542802447798
-193.08888522203017
-265.27999669982717
-236.21422503498707
-202.15670668609482
-179.25091778781476
-217.82582600903328
-186.4352980208183
-157.635799921783
-131.92560895515913
-111.5879746839744
-144.42917721557694
-125.08160416894223
-111.93726436992394
-92.15326969763547
-72.43978145156379
-94.19580330640741
-74.22749276091422
-60.80923650239576
-43.9050551288933
-69.01454961600398
-51.427385961885484
-36.63294569391242
-23.258232422713874
-81.43240918044249
-62.74115504863272
-45.7608455594415
-31.031619238506174
-128.92845731465556
-108.90359438375673
-203.51323494538104
-172.4839796122787
-192.23558165105084
-162.76969627304229
-136.70686351112835
-112.9424461049502
-95.91209761030404
-110.32088784927365
-88.55768217793168
-181.7019139601385
-262.03172256412466
-227.51798071579736
-193.9954840041263
-164.9516277115561
-138.17372092179883
-164.35634882961895
-137.68893617936467
-202.9200425614282
-179.8810215168654
-161.23791830809506
-135.44743647971575
-188.40269283174416
-213.66730884345023
-290.3005779591052
-251.88770859386446
-274.198937734478
-236.72213868517
-202.33689367824553
-172.2971495304372
-146.49025556018566
-236.8412300041671
-204.93389457238666
-299.94050511514797
-260.26408090994096
-223.59937131985166
-323.7394341878665
-282.7383990192174
-244.0316327221537
-282.62846944993834
-244.07197894384748
-208.87170469438237
-219.38868796330598
-190.694785777542
-161.32345067221829
-135.5396579821751
-114.6797163946983
-203.2117447552285
-176.1213912685066
-218.50925214165596
-190.27741294075759
-162.23704175110564
-136.11505086825355
-114.72908500055482
-92.60726878177414
-73.54982368674402
-56.343636728357126
-150.7092730555214
-143.6198721041328
-229.25788489371953
-199.8578031560619
-170.56025698110275
-186.9793754215346
-157.43901257264218
-131.49142370515372
-108.74285837357667
-199.868572536219
-169.2315646518195
-142.3208876485267
-123.96306801186508
-211.56676121067858
-180.81607590691215
-152.1336946911016
-236.92032522199145
-202.42289051523562
-172.17940701761495
-158.7590415712865
-132.46594211073
-219.219347899657
-187.28673795572288
-277.0580641601506
-241.05846085473326
-236.95261476925992
-203.07704009278265
-172.18099724631156
-150.61923460621475
-170.01880570402528
-142.22246455612972
-117.25719228875097
-205.53147305987588
-244.9783257538883
-210.66830328329502
-181.00735478294632
-218.40661930465168
-186.53229154351232
-157.6367668490402
-131.76177439299374
-108.61426643917822
-86.94385214748289
-181.7494669327346
-152.90020356099987
-127.94572252288452
-104.8831342887344
-194.39482085986094
-197.48283631250757
-203.95589553222774
-173.3182382006559
-152.83380746426027
-127.6226422415872
-104.4669974813905
-86.46282933269606
-120.60120195827585
-174.04108176244827
-146.4252258948411
-133.15352348086887
-178.83817113278198
-163.22098551860483
-137.31462296656258
-113.03146610977481
-100.54450874755598
-183.49005787280038
-265.14105208552036
-228.78098787460837
-195.32438871554703
-178.65495593645693
-198.78946034281125
-168.35805194255659
-140.6906352569277
-115.75288924556244
-204.1776003210062
-178.2550111761119
-149.47591785551964
-125.46166751448543
-102.17590248220235
-191.4583122339821
-175.78504165473325
-149.3491408319215
-124.01428966673996
-102.05931167890327
-201.85338051101294
-198.17368467561144
-240.17622299851155
-207.01226619454343
-286.3110395750891
-246.92930070207126
-223.68208433060167
-190.8049321876394
-271.72443896887546
-234.43203828225
-316.988834454025
-274.3271752834688
-350.89445775512195
-314.7946478599453
-272.65081924989545
-234.6636067722849
-324.1972460950564
-284.1997687831627
-247.09705854533962
-322.88735269080564
-279.44319951236395
-242.0969997914657
-317.88729981231916
-275.3207061139182
-255.62230630741902
-219.58256881260994
-193.00796587073083
-220.63208851031658
-190.9323617783174
-161.03645982887528
-207.27107018863086
-175.91892579218703
-148.9451113504797
-142.06274214027883
-206.25413559328757
-174.9924769662852
-146.78192067412022
-147.49005575082205
-123.08595692164243
-109.7265165796694
-95.06869379026776
-193.061824411241
-165.02113691739956
-248.5190232256596
-213.69018651972232
-182.59258959040346
-154.3059020513311
-128.17047893183832
-104.63384926899042
-83.49792149877669
-64.5260645625419
-55.51315963753944
-39.78165956986766
-48.71373348812175
-33.084344557408095
-23.000480008199553
-10.403603892436001
0.7909359431215695
11.228653699228452
20.086367620924893
29.11353204297634
36.24529076408016
41.94614106450426
48.52733970328266
47.27277786350578
51.19870957557348
55.17091789483683
57.77707618977486
53.14759730265649
55.814539296406146
60.41912656688072
52.451760031213155
56.5846447100036
61.71119352559661
-44.459925826963044
-29.453796005559376
-15.877282586287455
-4.640934954321596
6.403514907963459
3.840345842923434
-6.977411972438153
4.109725759172527
14.126834964465104
-0.12757844787920014
6.929976144565158
15.843041032163352
24.87275867110376
-11.555655376030991
0.12695200565251596
8.727371124988103
-92.1453659875107
-182.93082938875963
-154.03973349189624
-149.5101821134474
-124.35204369593968
-112.58613404710698
-147.00478984267568
-156.6618902851404
-130.62318782439095
-131.47295572331294
-107.61167592508087
-86.18611163127734
-67.09301089749164
-62.74861512532517
-45.80761643454322
-31.564469378415446
-35.44956839332338
-21.791591827846837
-119.61243264506216
-97.00394099315045
-86.01863427997779
-66.90436507050858
-56.60879118042638
-57.33470443195508
-41.0735403612201
-28.372741898925703
-15.06691801354823
-15.922980588404808
-4.229981715740248
-103.80698354416623
-82.6660260997765
-63.78930092478524
-77.75953684140954
-169.98358315726858
-143.76733980615225
-118.79928257078943
-98.81280855689232
-78.17113569513917
-61.31052277837647
-44.469075091082914
-29.445076708896103
-16.32741291359173
-4.093735568428926
-85.37672600792553
-176.83905340713298
-149.0603649062574
-130.65238526693605
-137.19221185245237
-223.47299066720714
-218.75057359222697
-186.3797964548968
-158.02507123766415
-144.7048726635377
-120.14072209311642
-97.45404398042459
-187.70863958238215
-180.74802312339483
-153.09762923580126
-147.1775842180802
-122.00734863418721
-99.85161951316479
-189.86645756184834
-160.1993941840998
-133.61748695010473
-109.48770391977692
-137.98099134227357
-114.55184861998133
-99.339789616468
-79.16457645170081
-125.08148856775297
-102.34884094184841
-82.58523273778803
-174.32670946400924
-146.45515990827414
-121.03036868090732
-101.00297797813846
-84.00000028450107
-65.17353599165396
-48.21484557453544
-127.34704481150322
-107.73931731757827
-86.96353796772952
-133.13419904432004
-207.28677967315446
-178.08189392408332
-150.12897754243937
-125.34047225355897
-102.55134547198993
-81.65336343434073
-109.81326938892545
-88.70867247415356
-69.6637461356426
-69.08652847115275
-51.53176695735088
-35.73961298666565
-21.94916157612237
-75.56476876104591
-168.00829188494134
-146.67181049007164
-127.97430794773354
-104.44131838243334
-83.8385837307128
-175.4547253576415
-148.18146146788712
-125.1288325017351
-212.6159492515616
-182.37904070405884
-156.23722583950754
-240.6135032555568
-205.92407581078368
-272.9148379540728
-236.68852291965806
-203.54350790293626
-173.4436355465096
-145.44585145278668
-120.55644796681466
-98.41257597938262
-95.93002245103563
-75.55246329165618
-57.4180607292843
-56.19584607726198
-39.87866951435597
-26.11188503812612
-12.893784698831142
-2.362005360761966
-2.9894302314611108
7.890655425518814
-25.670237861913762
-12.67238902393309
-0.310899498395802
3.410101180527199
12.165262083234824
21.418453041872
29.21502417561885
36.637093118735606
39.62095312038642
46.20332783150728
49.95060156798528
55.58069823963881
-49.97737158432507
-86.39784754028494
-74.60099013130912
-57.11282125721732
-42.77041137036874
-29.439431645657187
-16.43617851103013
-8.229833983741958
3.359943632703584
13.116454718652001
19.644112688271726
27.065122487376634
34.41273927632026
41.536370893862504
47.413344682951596
53.410428219000224
30.58908206664558
38.314912469411055
45.22157420644155
33.97124737311507
38.27462956535638
44.997248893326805
51.11646378554334
55.75191094085361
24.372543013087512
32.20081456744954
39.38328924799731
45.48918734339685
2.4316542004991533
12.941145419194843
-88.35296912272464
-69.59757593086884
-53.426834934087736
-57.43960853281024
-44.1196102638442
-29.53418344946335
-16.42796250060496
-3.991735722298685
7.091902264018165
-93.61728796238366
-73.41859385880205
-55.297364034816916
-40.14477166570608
-26.48543920367201
-13.793938817611725
-1.7571790552001172
7.72631321091421
-93.04631811017721
-183.74168629915948
-265.3675176692435
-231.21396090151984
-197.89803578458148
-169.2110970550187
-143.33399583234635
-118.89904159072026
-96.3269915072707
-81.71577883686946
-63.346915643448405
-46.23769953170643
-31.361241782935714
-21.302628601543518
-119.17236574138917
-97.52671742908785
-88.13038187495843
-68.46220059451436
-52.66901508211904
-147.40211357390714
-122.63131245858253
-210.36818121272427
-179.86335246385644
-151.24895279443982
-125.8026239142371
-103.09667426893489
-100.73519398603122
-176.8077984532697
-150.4951651872146
-124.71162814373685
-102.19278022696423
-81.86897380348209
-63.5507126464876
-51.859013622178104
-36.54820664222919
-22.2419325243467
-9.969563420611074
1.6548103106926568
10.008010847864382
19.20323556531975
27.93940363547921
33.363347250885575
38.71891962534765
45.153145097556845
50.75365880461541
56.268467965070805
-49.358378831436276
-35.14947744089534
-21.096816614871067
-8.830366947345178
-12.334660530668263
-0.277132711693751
-100.24941944052438
-79.46563827452229
-60.95703690324663
-43.760706907533645
-30.075339995071072
-16.16729756010769
-5.504899422647171
-104.95440948038245
-194.45896853234422
-165.42294441112855
-248.8806499700157
-214.4439806170354
-193.8918791860589
-164.25698956330376
-137.75864976531736
-120.45765499487112
-97.64190332028065
-77.08765127539979
-60.824929628680536
-43.99709820387197
-139.59738838348477
-225.6376495451363
-201.44522710829406
-170.10764693426137
-210.66054773418443
-179.36262738017888
-150.86332392235641
-125.44547861052564
-106.36679626576156
-124.52180692750879
-101.94172558635292
-81.54286317729304
-65.44572612039254
-49.33891921458947
-37.24922982521394
-22.84272007728557
-41.15406582853018
-26.023235568142
-12.88783999023879
-24.48404317880466
-18.410249358436023
-79.93560419464154
-61.747828230505675
-155.5730454074551
-190.87521151943858
-161.8001344143287
-134.37396232775689
-110.9835448515976
-89.19524884725539
-69.69618036981689
-52.289339534578
-36.31607801471873
-22.19337670514916
-9.710184462493924
1.009076498068307
11.52619773354413
20.07790259193905
28.138476227435298
35.566459113542194
25.010248832015698
31.638465271342774
38.467655351108405
44.17978270001012
50.570088038035614
56.3100782351531
-49.32092958836221
-34.35179197901907
-20.201969827659564
-9.904654133334672
1.6381840026329026
-98.52563439763038
-77.95500086400834
-63.156738361069785
-48.613289950003214
-33.060795531543
-129.7547159783887
-106.18346563538442
-92.66145778435134
-72.58516811321411
-165.3266513018927
-138.1618580496727
-114.07264717115883
-133.1289743313335
-119.68365007575215
-99.91455864014826
-79.22069051934577
-61.80477912138589
-45.98290429295335
-39.07417136747587
-24.92593869726837
-14.406476296162547
-112.96582866654629
-201.66924579989166
-171.69497642376578
-254.5254787813892
-218.99091554436194
-208.71454739978455
-176.8405137298879
-149.121094975077
-123.4860416015504
-100.37031400752115
-80.3288204662531
-63.23519523185493
-47.09195019947793
-32.33219395824844
-35.540346071294785
-131.9863114641653
-108.63668418105564
-197.77301576295008
-167.27849367146536
-141.42875393005855
-116.40312250516196
-95.13873771715646
-75.28838897474662
-57.20008429822154
-43.85769838914878
-28.92133554597134
-17.31487143332177
-14.903787903537303
-113.41340911318358
-94.35262481278974
-74.23120900490372
-56.161415690639565
-39.90022106752016
-26.55833716531202
-13.08631280559647
-1.141937762290885
8.590405189877057
17.98129651001069
25.64792676779725
29.841331061838773
36.45990517483469
43.44229927226655
49.825059130914276
-55.15744678217715
-149.64170210395943
-124.4413867621547
-211.99724808593925
-180.88781677062872
-262.79903509356586
-226.27193763268124
-193.5821902611079
-164.01156035101627
-136.90407518330335
-112.3656473579018
-91.55503056272221
-115.0859849377133
-121.47474151826461
-101.20559476187283
-80.87656910430253
-62.60746552811582
-46.12899653159968
-30.911800857657802
-17.00320572815731
-30.56793819103556
-17.941684480833725
-5.2603894883153615
4.921114813861038
-11.393112684247257
-6.603529939719476
4.330288516116291
13.774715128984388
9.439188095535592
19.22366848219865
28.033351688174655
35.38721649300039
42.478668820279225
48.52273410546685
54.13388145716434
59.35080674424928
58.006613135977155
-47.79404817762056
-33.73882290399578
-130.36494061359622
-107.7481095247473
-88.36250054236993
-69.41201404490401
-51.85058891550688
-37.004311769301054
-133.30388059237094
-119.89437234091623
-96.74117903636142
-92.95082574722217
-83.34392622596604
-64.31571178815179
-48.31231179212106
-32.862353804155916
-129.57611842374033
-106.44715832244577
-141.58315346738436
-118.39100303071059
-96.05353894483773
-77.11800172397238
-169.40620155157515
-141.9697668434932
-227.77279015914388
-194.2731097156075
-164.2834399105259
-247.8550959194733
-214.02893598678585
-182.47250923092113
-158.25021491831257
-140.74314263366216
-226.66882837029596
-304.0019455332664
-263.07918518114155
-336.7712666630274
-292.9075754799049
-254.2434897450246
-225.32458436605273
-192.22154707933166
-272.99939237139847
-236.6699577853157
-294.955343203802
-255.15215356641798
-219.4262759483671
-232.9359875673232
-252.59055522074874
-217.18392461193736
-184.93451934404564
-156.2014388225084
-130.0882851608224
-107.11960777852181
-89.27637902059664
-70.01839048512004
-53.410179926907404
-38.44374273019005
-24.391815600412034
-12.232235163753007
-18.86814555510596
-56.299175491393434
-40.549247714216975
-26.324582716368024
-13.912315049904578
-1.6691005081580954
9.18190804665275
18.42290571222594
25.84802073318714
32.36976779435318
39.789141515596135
46.370475490199965
48.75581856952918
-56.11976328742374
-40.07833780078448
-25.498145489103337
-12.196785652431002
-110.9771070871879
-89.36570043832896
-75.35333246638469
-57.24940216411316
-44.12321588270409
-28.697464478898738
-16.201992886016534
-5.557173263823362
5.114419122611448
10.300556301312309
19.588756736526904
28.122837331082085
35.61892269236343
-67.94296957687291
-50.40498775808481
-34.58518676038885
-131.12666808434997
-110.1553404927133
-199.13980644344196
-168.89612691665403
-142.82804951436466
-117.80148837393321
-206.0213395365399
-285.4192055828859
-264.4293811917715
-227.45284947497188
-194.12158029178067
-164.02686329295562
-137.35594749967387
-112.7868534355664
-105.35736478868264
-84.28721549694981
-65.12022854621434
-158.6082056915929
-132.61308386552145
-108.8540421331298
-106.380822843049
-85.50336145230716
-92.87347117743987
-78.83242961355216
-60.74639037959471
-44.418575259323376
-29.646536563568816
-15.981087274918574
-4.406827820028447
6.7898243299047385
16.328597604261585
-85.30426215616457
-66.48916703283268
-51.24986035973463
-44.72566355996306
-140.25309720396675
-116.55515359629031
-95.23825677762358
-75.45864369381592
-59.00731418704502
-42.44073531698152
-36.480029609096505
-22.58396565415755
-10.593020500582274
0.10174914937448776
7.353726493504502
16.731615231571936
25.220400123396395
33.264813392893245
40.70632478127209
-44.10689862472806
-29.045597467548667
-17.122201055537275
-115.40998094998355
-94.17571310465173
-75.08846892805944
-61.4742210535513
-44.83285591023204
-140.34957031920885
-115.87919184610524
-94.09901966269194
-74.59173718177803
-167.13256346360023
-144.23154367121205
-120.12347637144345
-120.24605934518466
-99.08245030634653
-189.17420527571187
-270.2567847481407
-236.16992001626383
-202.00293943920204
-170.93960938642624
-145.35112492055637
-120.52106671883126
-99.1328283944573
-79.29124093354888
-61.15662851969361
-44.81231254825711
-29.858422726843237
-17.696194489426055
-5.462169777379382
5.725586218114318
14.750984815622147
23.512634544691345
31.873423771610874
38.78399000143807
42.8227966255764
49.40100314746616
53.44995368546457
58.82879875987113
61.068484501860624
65.78123819044848
53.81714928473113
58.985573891553436
63.82058007713429
67.69970296103824
69.44272474574265
-37.50154772883161
-43.304854813092895
-28.290225165954865
-14.794031526791095
-18.240829353293673
-6.164074912749056
4.1860673332008265
2.844069624874888
7.00964407457862
-21.19825853715645
-8.257634936478663
2.5561770951680227
12.528163113832258
21.019439315415205
28.714764240304035
33.924675752160645
40.65030719947348
9.58628681258498
19.34532204371485
28.08882186844427
35.634548034039796
42.772029835410585
46.084239475565
49.310801125839845
55.151742079115266
32.896150608005215
39.64048943290492
45.91218774253941
51.95240577998851
56.89186560720934
61.05596756942569
60.01207319564003
62.69089788546634
64.94423866243875
68.72736377082404
72.51889094464279
74.8763614638661
76.57185604709734
79.44321274823965
82.30684342096461
84.30554949556735
84.55281477604252
77.17345899504694
-30.54388690445775
-16.814739493971334
-4.526564537118716
6.432957549912847
16.44790450871608
23.886212503278934
32.25706023821881
-14.642800227559047
-3.3801882290338696
-3.2804205555691066
-34.91386174247384
-24.860254899935637
-14.266318448193328
-2.0860297132850896
8.871863058296327
1.4734249732934517
-11.08490011962703
0.31579012588486144
10.833300308101599
19.783638182336603
28.60043985435755
-6.38987847687423
5.067441179374361
15.589766738447459
21.81333452152906
28.749986598823
35.50212994969926
42.17724420760988
47.56765994701537
-34.850249875625096
-21.573516587536407
-12.15276449065853
-11.399031992413212
0.37429816831482654
10.42339858726445
20.11697397268911
28.7826226959327
36.47159700443685
43.71148841642518
47.539229129440635
-57.21469378350343
-40.77492221092344
-136.6974299898311
-112.45886886854402
-96.9982568301385
-76.6090014563162
-58.72863390385737
-42.11207737176168
-28.63488083826772
-16.099792943389055
-4.257357481335378
6.86862508087071
1.8779365713633744
12.373486062313708
9.645207965788469
19.415539022292105
28.210379854029014
6.343219654574934
-94.29110231088256
-74.61832292702692
-167.15649063432423
-139.6598966198413
-130.54783874180313
-113.44256939048205
-91.3804256451764
-73.04594335800867
-74.13477991062473
-56.60728260959404
-41.76385640210234
-26.938832749431
-18.697442893449136
-20.066338736846337
-16.277485389395007
-7.860038272271071
2.36573400268356
-0.345193864869747
6.796735364892486
15.397409958117969
19.412816297353892
-82.5284653323815
-64.1665411744084
-50.62103934285577
-35.00324416112443
-20.876923842585278
-8.256984847075152
2.839966805319846
9.024255040181075
12.326872658959896
20.1606239800128
28.867887765018207
-13.385819204184507
-1.2299818098782502
8.693960503525354
17.521107649188135
26.326117566833652
34.25208598292521
29.872020001920596
37.754449603894926
43.69434822360107
48.05330834464666
53.90053785225162
58.44213327186675
59.75598803125676
64.57517745415481
68.74652415081208
71.8797225478991
74.87719307287587
75.28270159156499
76.97150313305349
75.89832497799067
78.9083584527039
80.14825381719601
82.15527195554245
83.65820195424476
85.91578061472896
84.95945787218619
81.09140189034565
83.74643384812612
86.00055498530037
88.03054067375612
89.74601766862985
91.3361113476551
92.80134261768471
-16.478791644083756
-5.686893547917062
1.4014296517634142
11.535129171648244
21.140145072456395
24.561905842010578
32.8084477711504
39.775011982075874
-64.20248921613171
-50.557228322750426
-34.946572531357766
-23.525592187792757
-121.17303296901348
-99.99804371328527
-80.15254977081398
-172.13729479373256
-145.0784366313424
-119.81367999591906
-97.72106533230169
-78.36500695034321
-60.54290859847531
-44.98370796818691
-29.69880675325669
-16.597987089055064
-6.329223499453025
2.940836295310498
13.343664562116318
-87.99070189409531
-69.43574633818989
-52.68690404935292
-58.76239967944032
-42.138287997366376
-27.68117936462893
-124.91306142816603
-101.75001435244062
-81.29108241547988
-63.55282388052736
-49.47366879725074
-33.84540784319614
-130.46086705887652
-108.20266709833938
-86.80236887236742
-74.06473297746862
-57.34426675692674
-41.11420251524629
-137.00278226372166
-112.55273222337301
-91.20881714830921
-182.0879354334783
-155.73455257461117
-240.16109731715005
-205.59930853559092
-180.05940985192132
-155.01621245535836
-129.84895418220304
-106.12390456017017
-195.51151410415315
-165.3279761349434
-137.65522806937784
-113.7066960296448
-91.6074264162425
-71.59697578080221
-164.43727820272198
-137.2432790269631
-116.4859382274531
-94.1177576157962
-74.41356283245962
-56.381000505855184
-40.294312174115184
-29.724132038401244
-16.60491910590512
-22.797774656254887
-9.4628331440048
1.7761982312042566
11.975682321604241
20.952348261860543
24.998975761421313
-77.50092181472081
-169.7508296332487
-142.3488018407789
-117.88067186195744
-206.0926046757617
-175.8057125507978
-150.71083090230206
-124.81754828782044
-212.3357934590384
-180.7884397434463
-161.45966219902007
-134.84891546868073
-111.32296333080066
-92.36907682312571
-72.93753759126707
-55.078344353848635
-38.92798201626418
-25.18964332586513
-11.892547298887411
-0.5461355750810615
9.117421109707912
19.007687660119995
27.346438496693214
35.2810073249421
42.279073403488816
-61.94883393686006
-155.75395054317406
-152.569827366519
-126.79178335504172
-130.66616155286093
-108.66589776640798
-91.68908332580526
-71.80668236757768
-53.48916449209675
-38.09697830560866
-134.2872804750478
-136.79432565479686
-116.0349842655843
-120.41545605490776
-97.74825120628171
-87.54279757851174
-67.41847588431042
-50.88071247186417
-145.79264122467777
-231.21337710221
-198.0011511601997
-170.62950761984422
-144.42232118820303
-119.26709347192813
-97.74075777716077
-92.25723932343331
-72.84834108372537
-54.76690383576514
-65.07537748549903
-48.00206123370995
-32.45322306807154
-74.09863325690652
-56.685540380303316
-50.7741472745701
-44.08292321756265
-29.031040180856806
-15.911691893083304
-5.156696443145115
-104.64102679883061
-84.7826663199681
-66.12812570692357
-159.5153131362312
-132.72333936384223
-108.68860271791127
-118.6979093428968
-96.02543694690047
-77.3102333047524
-59.572098422206196
-49.477945763852674
-33.84664420943171
-19.894719840139345
-12.689077937556554
-10.295815410639214
1.305585361366001
-98.8249731747706
-188.94247585729354
-159.34647509604582
-132.7485248262908
-108.8799421878314
-88.12405054929954
-87.38030268627087
-67.93903241830665
-51.60506642103747
-43.410068038633966
-28.367139922504386
-125.53042593025395
-104.87309754485587
-84.19653836336383
-65.09168093970868
-48.31063284264608
-143.47956955838146
-118.52821528105264
-96.08977969277561
-75.71725193870826
-168.14552674483744
-144.35823517235752
-121.22464044077621
-98.44103005564847
-81.62555932363274
-88.34713408836026
-68.92058706492239
-51.28080128959279
-36.54130078546978
-22.326796448463156
-10.130486042645318
-109.11743743838079
-88.48240335426937
-73.04889184349263
-55.513629378345804
-43.20691504613021
-28.27333886594255
-20.82282998761911
-8.200358963335134
2.222904995539073
11.591194136666266
20.550545075176437
17.97704670103165
25.423683214090584
33.05547388399046
38.00366221812193
31.358475478844362
38.39493706935872
42.33134898733214
48.76424526105186
54.40411046860092
-4.591330959318867
5.54152834193856
15.026496102847556
24.8023542956255
31.966047933140178
39.053878322161495
15.267896659237394
23.983520890701314
31.15294578521027
38.71032915698066
45.58570155514805
23.676488437122583
31.178757810288424
-71.93911797074043
-54.263541808128885
-129.7663860064839
-106.29476594583441
-85.33659392459515
-68.97444752966922
-52.31628845209586
-38.08856711772228
-23.54762686755533
-10.476764314276918
1.0147021197859285
9.46345335948783
15.673802819896803
23.919578689544267
31.621465460783252
38.02195423585817
45.01931314755032
51.1821716824349
-53.93604548580859
-38.546490020119435
-71.23587031275025
-88.5176680811619
-68.89801012055887
-51.07645566451006
-37.00878608519047
-23.63163161975971
-12.211479886940491
-2.4912065279175266
8.019650368645909
-56.69082534429507
-41.03732102444049
-26.389427139062498
-13.649807144255064
-1.6097679964544582
-6.6831467416367
4.078662139717576
14.487963725361949
19.08561775193328
13.064312794650307
18.233208510789236
26.407192283162686
33.922439990132624
40.5987428702809
47.188292722902254
53.33330779337574
57.583848205668616
61.96524669751851
51.44150274486172
56.28862255337792
60.39685969544844
58.4550868144595
62.438628033257736
64.91002796550856
68.56766893311062
70.41437760251932
72.32373286660055
75.26393816238746
77.66424961294977
72.14604558002499
75.11361842846843
77.71924894433707
74.0493757538992
77.1815142091344
79.19815115481529
81.57949874933675
74.61418404852091
71.67381793505908
70.04417225748966
73.57725278793885
76.59021500208755
79.16970818921806
81.96771750618036
84.40445246281442
84.05912114838611
86.26447477833545
83.76076143458323
86.10519043260234
85.06334743901866
74.21514880915822
62.160533406487644
65.95661918599566
65.57105974950044
69.1571027964056
73.04873450345207
76.49794442107257
63.99848801068959
67.81005366056402
69.83595583606512
73.0326426335391
62.86087685978988
66.39079248275755
70.44544244484987
74.14580514395708
76.99916277927989
79.5217015908809
81.05732549341947
82.49547949563507
84.54910643485853
55.82916436221534
60.291948128900366
64.82379523092472
68.53203314734104
71.95127538485409
74.84325333427776
64.78022641499638
64.37167667975555
68.67243357469303
68.94565512188959
42.07270291738922
48.68362096046446
54.54618631050258
59.76855558187133
12.290070138401894
21.297652782176186
29.74960796002749
36.931154308852314
43.929943546896666
49.775008759787845
55.090276826304816
59.76241903128207
21.361921926378535
29.49558483776722
37.27758301854965
41.70032893808344
43.57500481608757
49.45585205966305
55.10268635884064
59.28006293873076
63.88990103109114
67.06002262280927
63.29710572621857
55.593661462552774
61.0265886559429
62.15006369032559
66.54817168486562
70.65860941971445
48.65065857400209
52.2887931267961
57.13325500899097
59.914730572191544
63.499559382491995
-42.8503965557572
-31.570910122835286
-24.62279507143816
-11.545711184021783
-0.16404926230035421
0.714853269627322
11.283106366080823
17.90469581300671
16.215443368593917
25.207145154697905
24.31366495111827
32.38775097808705
36.83569904846627
43.68823322071756
48.74498347875025
53.60312321031192
58.489842708791535
55.39458297999835
56.29005912820632
57.281389765512635
62.01556306173709
66.12538841820124
61.088305187322405
65.70416011193531
69.1119577221545
72.28639783385549
75.61787637739975
78.77145084083952
74.55901982729189
72.02124338221263
60.806896491845016
62.448808035236965
-43.79607276828673
-28.421783200199997
-30.474429924962994
-17.132144614517188
-7.7941783389578605
3.8171020314622606
13.422172414764507
22.053511529605274
30.40121603347716
38.075437863418685
44.85389052730089
50.53870454264379
55.56212157025764
60.066425824578324
63.54446982335065
67.735859136376
69.95495470967253
72.36330201283347
74.30265797868908
60.571372617583194
58.763946867082716
61.64946663783834
65.95654519255791
70.13544011227361
73.70272768045346
75.89340953832054
78.48628348462977
81.33284986400942
83.34986890480005
85.9176169206946
87.94189650518607
88.96636805320598
90.57000797459852
92.00697193875618
93.42931830607651
81.42316749508922
83.80371379650786
85.93342527346223
87.51615090169825
88.4584032929616
89.08696600326319
90.44140807822447
90.35999609849377
89.43265274925547
84.65130900034858
83.88096220459684
85.5798012578945
84.21938126406093
86.69519178532533
89.1406270656563
83.47078560607306
85.82087025631921
87.79726814010769
89.883291430368
80.10382699506542
76.60667321235204
78.89496206010054
80.97617940021755
82.98232417770757
77.17264950562746
78.17336173664273
80.54447100154515
81.63474830260246
83.4699090782708
83.05010303138015
84.64777718626485
85.9747592370738
87.62258341480364
88.79038116845814
85.92502076536171
87.53187043038008
86.18985801923914
78.95847287049978
79.70101915005611
80.31830362083852
78.33617311141437
80.47098188944747
80.2875247647628
82.081406254928
83.43142902766922
84.59468371765465
86.70571164998762
88.55624569072509
86.28094504203713
63.92908531091915
68.32457946650949
72.19731694557433
68.9022659474693
72.55143505248635
76.11407045221054
78.72074688633701
81.38537276294824
83.90856030147759
85.82268419079674
77.97003964098265
80.4730109613876
82.79830374454106
85.0742686253192
87.12239358970822
86.06890490651348
83.17792540881975
85.45260212676425
59.00499503469818
56.86693991926279
60.82340298522443
65.30404816415266
67.36833114955488
69.82040226030524
73.82154530800551
77.03388994754141
79.47207686589198
81.92346464010782
78.53110977221769
80.86371852621288
-27.222653326408405
-14.452157092543375
-2.4826854677661085
7.973964941507459
17.294433663727425
11.161483605174567
16.169942561796717
25.221766864925073
31.790044265212693
31.641864437560912
36.56632480261183
43.0851061262591
49.50577937335022
55.27736188020428
60.327906787111246
64.55109564952804
68.25348719734464
64.5216837634384
68.8869660157223
72.62814377875334
69.83403004684347
73.01986153256041
76.48147307090774
78.78790268241987
46.1052147545009
52.55188660489434
56.45268291208458
61.16830671426227
45.18170311400367
51.33948641227622
56.417324530610124
60.03352297448622
64.7600490798589
65.23130658998139
69.62359321909676
73.43545012664487
76.36393898265872
75.00349693253186
78.48782748770721
76.86326420472177
78.9159203724228
81.78702176680346
74.6977045569896
78.09540480372146
80.2372410662698
82.51123787103188
85.04078461065619
86.73003136868992
88.89445295732204
90.0211660846412
91.0645414012419
92.53129402724622
87.44049604933487
80.76481424209769
76.58716499246933
78.15037793509825
80.7830013795238
82.95890433207069
62.38545865602557
63.60621378707825
52.715933686876205
58.13372983517739
63.20856040911422
66.44689408587254
70.56044206661748
70.61558627737817
74.07886908021301
76.43896784763096
78.92972562518891
81.74340255467922
84.259946150563
85.50445131799043
87.37075535012946
88.21563574087396
89.55655028477221
90.82133464841189
92.62967349928616
93.90875416566979
90.39557796142405
88.42349193538881
88.8840923395211
91.24255902957695
91.69692168212502
93.23363403672266
94.40844205085995
95.65817708478134
87.07404853644415
88.55337771056313
89.93325392250125
91.01693106695413
92.19935256436318
93.03049807156496
78.9679071143068
81.14869693503726
80.01018077537682
79.57574960753237
75.08907687761906
69.80052319984807
73.35752042204227
76.81204299368808
79.66313068077255
82.48423330739763
84.85556496415447
84.77403761256791
85.9179578244368
67.98979846001183
66.64391853881381
69.65024651224918
72.89975317643345
73.62949476396189
58.24747051583343
62.566245610347686
66.96371660044309
70.46690286208286
74.19276780274541
78.04410040740194
80.35276080860646
82.76423749968801
84.79848388848811
87.06541218168667
88.21290958731328
89.9637784631243
90.73034366976408
26.434975891905978
34.33164893147125
11.374146091492921
21.095678513909537
28.952410716643985
36.122915812251534
43.44207113161629
48.22521233892728
54.08209522599478
58.83890856526449
48.84319736353339
48.12104321526486
-2.1736852429081566
8.515597269468499
18.487993077235437
26.50407204488984
34.59693669029643
41.22623629633353
46.885583463159065
52.98042507964087
58.025741869933086
62.25801489707467
66.56997011896047
69.9483429297465
73.65814009094149
76.2961802342903
77.57894922407522
80.12826551489941
78.58984983809277
79.96744418659847
81.62699347805112
83.88292952825729
86.03170087961419
86.62871626244255
87.17407433954045
86.5790667122701
86.06584846836705
86.54481856200051
88.58329533295303
89.77578063079005
91.3526095854714
92.75373057050217
85.22780398017201
81.36267353700985
83.16738399815156
85.61070474831394
86.80196015312023
88.54681620615662
88.94972892209782
80.20781646535133
40.37749583469219
47.083186449642156
52.916508221555624
57.62478026414119
35.92982808256655
34.419455191347865
-4.809377634363781
5.17363206437571
15.290884805907938
24.283679370299886
32.54602253588563
38.329100329037196
44.74450128117957
51.023823864554736
56.08062572942584
60.59355184681663
64.28039497701822
65.59880418597388
69.64461406496244
73.39749995656271
74.68531769061482
77.74985865218451
80.24616393441663
80.96412480963193
42.017504464911305
46.37760689641654
51.408393829106046
56.27404341077469
60.39345858425199
63.51251721562172
67.8240333769765
71.60839734870545
70.52397718590831
74.07726319837808
75.79521182174379
73.63065219587259
74.99030356193167
78.16773557740657
77.73813508308372
80.57904222269408
83.19309628266316
85.5188116473753
86.14051373366888
80.13128708983004
81.88390782431118
80.75459456524608
81.79422750836466
84.23429204483914
86.49469556499511
88.06804424055397
88.76280107208903
90.55162963831131
91.68820037413217
93.17081616607146
93.01270640379848
92.8889744383883
94.22511326501306
94.97653472902184
95.2365249272003
95.84186084653885
97.11332091508626
97.43620579275306
97.42324168210094
98.23238928652431
99.08178844142438
98.95333562516747
94.39677121987646
95.74952005525998
96.68750048630551
97.77012452839921
95.50112296558235
96.74638741447887
97.16867699637021
96.10851218147467
96.29467208146879
96.00856408996103
95.78685250177116
96.94980451731864
97.45942802487517
97.3338867012053
96.86346213410037
97.17834334252328
96.44731574928959
97.04046225545068
96.95283223773973
90.84936332274354
92.25673087316352
90.7457674219721
92.17677805821407
87.46936801304501
88.1032789840532
89.54487399183465
90.6354110401819
91.55373756056387
81.32926046830553
83.38877876303924
81.6288272433242
73.83301274360225
69.39041193458702
71.73068085596131
74.1947940809422
77.49728398267658
48.359747897632445
53.754237235496696
56.8973574981741
56.53890754236849
61.465589539521076
65.82123877401855
69.9857281009781
72.09832538427645
75.14522845458353
74.23196627373179
76.06524957846229
76.13292715691753
76.92055856133528
77.98361085083067
80.79254699675161
82.1725999992145
84.5697199236659
85.71678583356893
87.03125314610537
89.1176245020063
90.67864649336882
91.07944505007973
92.2604275293267
92.836516390471
94.29283887722733
95.5755469311679
94.64987604253162
95.38364424586
90.54795463574843
91.38638820513803
92.0879827732531
93.52575921216807
90.29178752300183
90.79124395381983
71.09907059011596
73.34640447793404
76.69710006717494
79.18863014604116
80.55016780903975
82.60984425881674
83.75475253544656
75.07172646192159
77.61790185644844
79.0033513158772
81.86841015554414
81.15936857806977
77.35043497410712
76.52918244270774
79.28645042175287
81.86992077487005
84.29988771021648
85.02435675004135
82.28965717093263
84.21785154168501
82.93891344398587
85.28727369029346
86.96776273574301
87.56099898509979
89.40215387593457
90.99818137513691
91.40022818752458
91.90052994067982
89.71988739680295
90.99160923578225
92.16883242323158
92.4049633176335
93.02997250454078
83.63981648909996
85.96249132963456
76.63974466119878
48.53075036228559
53.70202367318335
58.58816770135912
62.87215100963616
66.79209674485558
69.32863651035578
72.59698250249718
75.34809391585269
78.41540431327792
76.72723674195018
79.78627618684565
79.91305685543531
82.35492089936726
83.76753487769417
85.60441626458545
87.34518237369541
75.54192120467165
78.56408570637242
80.3052155997741
82.45282976491407
84.80495722726094
86.34380356796994
87.93244497920398
83.79800580846124
85.50921445441041
87.72844662642689
88.57503422531715
89.88297526301763
90.91340403935266
91.42972858955686
92.58716228891332
92.55209008261184
86.93941673599693
84.51269371140063
72.54695202329239
74.49242400679009
78.0044420408633
70.4333083362618
74.12825502994558
76.80171743747783
66.37382482034441
70.4636701979729
73.73050876494648
69.91450192718297
66.85594687025568
68.11269031095406
68.41162921806284
72.2405627443925
76.13588514657476
79.15623760365919
80.61062466301368
83.16891690458814
54.45636176782803
59.2592007717034
63.456626349300976
67.50796998292739
67.01923193280311
70.68682847471338
67.57576732606199
63.403795033106086
67.46058897332702
70.38908337610212
67.41660473007484
71.3808675473738
74.41008073654893
77.72066510726341
77.30241657661358
79.35579660668402
82.17637088476596
84.17912381106167
86.45060700156593
88.55950112389348
88.95802753778484
86.59809201413383
87.9495501583694
88.8338462954433
89.73988860671942
57.36378515081269
61.75210132414607
66.0352345499747
68.64668900844504
69.33305852414891
72.68930549171725
62.44508684149771
65.2194311790016
68.7841383386253
70.49674468870134
73.9065176881619
62.03158820090725
66.248365811552
69.70079911586603
72.43537694166946
75.65648537551183
78.8201972478397
81.6275832628987
83.55238704097778
78.6874938710282
80.37774474908693
81.85493593719858
84.30866520904983
86.10069295981046
77.68028871690535
79.69658021837557
82.35290584383935
83.74355076276161
84.42310165365105
83.52823581676083
84.16043743200937
85.91581683399833
72.2625001209197
66.6851652034077
67.55612402231039
71.49606732601228
75.15424481077929
78.42441575432746
80.86895090464283
67.10932172374466
70.59524446257635
72.30225733482172
75.31915877396517
78.56151665798212
76.11709663449243
-7.876313704857566
3.479331556815418
10.351378103101919
20.155767072420844
28.364071995456793
16.602292647823354
25.12993165675527
23.685575755312946
29.89386206568615
37.77932145561436
39.756768723754085
45.91374791098106
52.47588307866014
56.43233939785737
58.95188935629031
63.68693041102809
50.97679902964284
52.15703558786519
57.641413459990716
62.67633417676232
67.17993427396581
70.79366161812783
69.91680753517726
72.9126357401932
58.88831426013718
62.209270692195446
64.76628893040109
69.01403841557179
72.74778092021982
75.95026119729351
79.08239264756145
80.67447338776415
81.22329609715223
82.93365680311517
84.25586299342984
86.45014650529933
88.36134956296489
89.59776255414278
83.9835477196521
86.15902544032363
88.18293890095856
89.70496922807315
86.29010523063577
88.36317669242874
88.89919794734814
90.67051034998585
79.53832803200244
81.8070457222338
83.84390883827265
86.1042070237904
87.52529995998763
89.44669150704142