33.744559748398444
93.88063516122861
-1000.0
-584.1536673204992
-635.0
-1000.0
105.55874155618794
98.92295937694735
105.4074714332706
-193.15281936988146
104.76028087850396
103.03225378514855
-88.98120241217666
-335.0
87.65296197312865
-565.0
72.42167629266612
-320.0
-200.0
-435.0
70.43240073690284
-610.0
-1000.0
79.48823668915543
33.13540365705467
79.85198404810838
-1000.0
26.900154487827848
-575.0
98.42829321294806
97.40209779398711
81.03578545432103
-435.0
97.47918360457115
-705.0
-63.23081130028933
85.85765809781992
-1000.0
40.49574808596263
105.90487021026127
86.33832642786464
72.39456141166627
-1000.0
88.61345581736977
83.68836275867062
80.64899973078508
-492.5105254298599
-1000.0
-1000.0
95.18180784506528
-760.0
-1000.0
-730.0
102.64132267592068
79.17220616419704
-1120.0
-1455.0
76.84033582566391
-1000.0
91.83778759652539
-895.0
26.57191186219451
-1000.0
-1000.0
31.26391581944476
-1000.0
-640.0
-420.0
-250.0
-760.0
-1000.0
-765.0
-720.0
-28.105274479233756
-400.0
85.69135342911449
85.80076644487364
92.95975310072292
-1035.0
-680.0
-405.0
-470.0
-1110.0
100.0944061736704
-950.0
-735.0
96.19084800212035
-1000.0
90.87874369802343
99.20850863557676
-1185.0
-1090.0
-835.0
-730.0
66.16851209551254
-455.0
-300.0
101.65702667694092
-1035.0
-455.0
-1115.0
-445.0
-390.0
-1005.0
-700.0
78.91998374753163
45.139831150227096
79.57562335930646
-1000.0
-1045.0
44.58369321306586
54.74518417007117
-400.0
-330.0
101.0283067783424
-1045.0
28.469481498442207
50.380066566993776
-420.0
-245.0
96.74015116675655
-875.0
-250.0
-1000.0
-1170.0
-695.0
-1210.0
73.2264077392373
66.24291656128518
-1090.0
-815.0
-530.0
96.51293418465204
-1000.0
29.454117500604994
-1015.0
-1000.0
-42.27783225683001
58.711960130902625
-1000.0
53.85281818550604
-1210.0
94.52028776208479
-856.1870530061192
-365.0
54.98569636582978
-1000.0
-1015.0
-1000.0
-365.0
-1015.0
95.08357067035433
-495.0
-510.67931901577987
85.95946144844177
98.44257416506629
-1000.0
-1000.0
95.58470037249862
81.21170612090224
-1000.0
-250.0
84.48169835026137
58.04814692762696
87.10499825973626
31.311104135895363
35.9373876543182
57.226398811947945
36.830692479007155
100.64392762174599
75.20997911559496
-1000.0
95.78065398729164
100.40439946672015
72.13532048161312
96.13390879627347
-1000.0
81.43439911594969
-230.0
-255.0
55.45988398229244
-1000.0
19.993585769627188
-685.0
-519.112883929753
-1000.0
-139.45171833130883
96.15774573623183
46.17958207706542
106.38391636512408
83.88478870475204
-114.02027126805592
-1015.0
-72.78219681970198
61.51781289022193
-44.18696816637343
-290.0
-1140.0
99.86910499307899
-1000.0
-69.96234168472859
-1010.0
-1000.0
96.03996098460881
98.37076855622884
-141.35044402204832
104.7515421164162
-705.0
-755.0
86.09072273866613
105.61997883663781
104.34299347168334
15.174083084663806
56.420023347961106
-1020.0
-1000.0
-1030.0
-1000.0
81.65488604921092
82.89984365240596
-520.0
77.12123086466447
-1000.0
-1125.0
-725.279507261476
70.13382930787779
-1000.0
-1000.0
-117.43112618876674
-1000.0
-1000.0
50.15675468040135
-1000.0
24.017350101363846
90.89284587349735
35.357630796141706
24.59462762242498
-415.0
-1000.0
102.57237690955975
-1000.0
-1000.0
-945.0
-2.9469317680166114
-435.0
-143.22142953549826
-1000.0
-230.0
-955.0
84.98431537402824
80.71067638215844
-1000.0
68.5415174639955
-1095.0
-1000.0
-595.0
-770.0
105.64302017548056
106.77190539111334
-1005.0
-1035.0
-240.0
56.11001935316193
-1135.0
-250.0
-490.0
-290.0
32.84972442923775
-435.0
80.0729225356922
-475.0
-1000.0
-225.0
-185.0
108.16900621059511
-240.0
-420.0
-365.0
15.662810694155311
-1130.0
-275.0
-945.0
-325.0
83.37875097428761
-210.0
90.45231658053203
-280.0
-215.0
97.3320777804675
-375.0
85.67947234323378
-345.0
94.58018015849464
-1150.0
56.636545954207605
46.67217015255116
-520.0
95.07950071473209
-230.0
-1035.0
-310.0
89.33716146847328
100.4077341365251
101.0625430072231
-490.0
77.30264402956371
-695.0
75.71155815095085
-205.0
-1220.0
-1000.0
-505.0
90.80385717109978
-1000.0
88.75795974255965
75.74712721720897
-300.0
-205.0
98.04362278873623
-415.0
52.72897063528289
-220.0
-285.0
-310.0
-280.0
90.94373583518035
-175.0
64.03180685238127
-470.0
-505.0
65.84411235322997
-245.0
-445.0
-360.0
-560.0
100.1656566193544
-665.0
-580.0
81.96143737101119
93.16366333881123
101.64184246562331
103.54411055853431
-580.0
94.92538353511907
-535.0
101.3861764006206
-785.0
-285.0
84.42721478463623
-1100.0
100.56246043482741
105.07956807093764
-1380.0
-265.0
81.5215511019176
-275.0
-500.0
75.50920817002913
94.90195115970926
69.42825441240171
-385.0
-335.0
90.79016614634206
106.48778247049384
-465.0
-1010.0
-450.0
-365.0
-345.0
-505.0
101.68823846629772
-225.0
95.42256777087684
-420.0
-280.0
-395.0
-270.0
79.12536488439272
98.62234043932659
-445.0
99.61650218567429
81.04596799917249
-1090.0
-965.0
102.05628534010168
-370.0
-395.0
-1000.0
94.40705865146595
95.61335777676662
96.597812207053
-325.0
-430.0
-660.0
91.3791838765416
84.79168399832204
-385.0
-1225.0
-285.0
91.09992704730638
-325.0
94.27884673379299
-285.0
86.95301459984192
104.71390040746088
103.3206960961924
-230.0
96.54465566041436
106.42497837451663
-460.0
-395.0
-490.0
100.5075239607269
97.08967018848413
-390.0
95.17481461534513
-410.0
99.95509309619328
-445.0
-825.0
-530.0
98.79285558451215
90.1747967815878
-1000.0
-680.0
-510.0
96.63253357422275
84.4380023775694
-1000.0
-360.0
-765.0
90.61918804947479
-575.0
102.87664151420785
-675.0
-330.0
101.19581570080172
71.17260653877501
-1000.0
-370.0
-360.0
104.51544602817114
-395.0
99.35568822012344
95.2710373762075
-510.0
80.08180245074193
89.78399045148466
100.59451860365587
-455.0
-910.0
100.73563319433174
89.42864947628664
102.80461952528816
101.47741332227191
90.88951356216629
74.9540973450035
-475.0
-1000.0
91.76633941608392
-1125.0
105.89388725603544
-1000.0
-520.0
-1035.0
100.00049143468642
95.37577735256804
-465.0
-1000.0
-1000.0
100.08599487917081
102.02695540784602
104.1948723770733
93.40689841804783
-885.0
-1000.0
-1000.0
100.6053647879692
-1000.0
64.58723455900368
-1000.0
101.3623008748466
-820.0
-1295.0
-600.0
-570.0
89.35962015002443
-1000.0
-1240.0
105.4102973696108
105.05955480976394
-730.0
102.49928428137883
100.05737502793188
87.84380001988828
-1060.0
-400.0
81.28176184086115
107.94169818296442
68.52046641092667
-985.0
-615.0
107.37500498294345
100.36723140348548
101.51904837849077
-600.0
-410.0
-220.0
-335.0
86.487218520951
95.15769055327326
-530.0
96.12807475192926
63.82299572591435
104.48170738474703
85.21553943560662
-290.0
95.54168138249224
-370.0
-260.0
-410.0
92.03949868413892
97.20638593723663
-320.0
-605.0
-810.0
102.80116226498234
104.43493397106344
100.94706335596564
94.72527673070934
-365.0
98.8582274252314
-360.0
-520.0
65.8444731666228
-285.0
92.09838562570835
90.03702261434688
107.85501395543862
-245.0
106.44141230116121
93.17155239427977
-905.0
-350.0
102.29714516928318
-230.0
-545.0
-555.0
-185.0
96.83653218899772
-1000.0
98.37532355180207
100.49530026028569
101.5013747875116
95.31121903353096
-435.0
81.12315615040069
95.38780213980829
102.76004587722916
-1000.0
90.09769978476889
-325.0
-1035.0
-840.0
80.9304443669736
84.94987665648748
-875.0
-1000.0
103.33499753225081
90.55264685943712
92.05757693011705
66.88996794636202
79.63120156419805
107.02557165597868
-1035.0
90.20140543123361
57.68757224045103
-740.0
-860.0
58.30058877397602
80.27492624946751
-1025.0
104.02383982949173
80.40831045501511
-410.0
-680.0
102.41337423916397
-83.77379596611152
-600.0
-97.64437895666637
-795.0
101.16190933518682
-455.0
-290.0
-1000.0
95.74731153758563
-400.0
106.70059492088731
102.7727920519001
82.2767136563609
-355.0
79.1869354882118
100.31679202208188
98.69242526537417
104.79294108781836
84.73477038079047
-365.0
-255.0
97.6864912283553
98.64617524007294
98.25351802478502
-1000.0
-360.0
105.45312555932001
27.542851495949137
31.53409045386286
97.82522561494102
45.915328786657085
-350.0
-930.0
-1010.0
98.93831120042091
89.95986803806755
105.53759053431058
106.25766460555684
91.42214473824302
-10.148539377812838
70.67228204884293
-110.40016539765077
106.4898850832091
74.3500670706325
-1000.0
-320.0
36.15295941782071
104.9509833265518
-1005.0
-542.2546706563139
86.01976565815711
105.0537305917215
5.830688980117188
101.63722456277515
101.39364031521407
-474.967065128453
101.53400382094208
46.27883310069964
-1000.0
101.98367742237672
-8.057150113645179
-390.0
98.07192693650191
104.6460537823647
-310.0
-18.62267313444221
107.99875391209632
-1000.0
-743.7827324517227
90.3841061453777
-58.47995609899711
106.43813206127678
106.70971273985778
99.21230459590367
103.1101897473157
90.41467511587629
74.72021112290464
106.38051595673164
104.17207421768005
79.5558721602982
-1000.0
-15.272513755159295
107.53495398601478
43.26781067298887
107.06736564590152
-84.52303986973794
108.15733868602648
99.72467862973772
-4.4213835615253885
105.46451852324596
91.11990761981325
90.39980066946111
93.4061619550202
105.0214519312764
66.25258189980549
112.85083167220513
102.20800244370871
106.77786988513958
-158.2925120763378
-1040.0
2.9095204918240682
110.38406221259126
-115.16214243223324
103.41430316471644
106.40137953478433
61.81788184880128
-399.65231646237504
-498.9394752424754
101.55417102126674
-274.49163332461126
80.12213435400997
76.1456310127305
97.87145014025256
89.77968516168325
-1000.0
104.13778712729304
25.536720113813033
104.8985949857549
-380.0
61.95580395413856
91.33570292028644
102.52055168172929
-1000.0
-1035.0
101.68090035163424
96.88399503012916
107.00806461975235
-1000.0
96.74322548496129
-1000.0
95.51264245398684
95.93165364442093
-1045.0
103.16897792583808
101.48262651908802
-425.0
7.632328626986023
40.779493396330935
100.39768030616582
88.44695329842568
105.25199281129547
105.64265243473645
105.0627186938118
97.92542994946827
-630.0
104.84293535642742
105.26589867417506
51.13803034125212
101.958094902359
-500.0
106.61526209357943
56.20955125403984
100.23073385009945
-1000.0
86.75661385630717
96.25981757131896
58.82646397054195
103.36615153740104
-745.0
107.3683886917359
103.76565193706824
-195.0
90.45368576460834
-280.0
-195.0
107.96543562242735
-235.0
-195.0
-195.0
-245.0
105.66515965881067
-180.0
-185.0
-220.0
-290.0
-220.0
-230.0
96.83381091045737
-255.0
95.68050675278931
-275.0
101.76634770260108
99.1700735145802
-260.0
107.798495016718
-330.0
-550.0
-535.0
-340.0
-1000.0
102.12895797979942
102.41157841490426
73.6640276354409
81.76289466628899
75.61429432870575
80.57136343495586
-13.589467650092274
107.11723997684717
99.75589448152513
-255.0
-1000.0
-1000.0
101.10775840447428
-88.57755192159935
82.1997930234486
104.19518717391695
-1000.0
102.53994320987059
87.57364290711584
0.3875640346852407
106.70404787533059
-77.66181083505941
76.72159139515855
-23.011246933247932
97.09755068081373
-85.55838114706107
28.26798127461892
107.30287452777624
107.67277905093864
104.16135021339046
-81.9235340570977
100.58380210981042
102.53132979935616
97.04838326414159
-1000.0
99.52240375210411
105.12755726667514
109.40096817963192
-1000.0
100.76516131785395
-395.0
61.45979059860531
-565.0
107.53004632335444
107.20067326526089
-850.0
101.54209914284671
-187.27536564882888
-1070.0
-670.0
103.04138775664882
106.79841982011312
-415.0
106.6753039130147
91.23343634146657
92.9159174295576
113.26553232142793
-680.0
-270.0
-280.0
100.52146587347487
101.58125650052182
106.75878797338416
87.11424413052698
-405.0
100.34897762860574
78.1936234076832
-620.0
-1000.0
-340.0
70.93421340739718
-235.0
101.57730854855077
-630.0
105.66915190850067
78.80912000975675
-240.0
-545.0
-405.0
96.94814009615227
-540.0
103.99022568165063
75.48965727003768
-335.0
108.57540222730844
-320.0
105.57623107093661
98.02927407450895
-670.0
94.31808132534441
104.9291731996172
-1170.0
-520.0
101.19923919674277
96.96423954370007
-405.0
67.37671775828508
-1000.0
-1025.0
103.72615405955756
109.54774305622506
-81.90682984404194
106.6554366979349
-415.0
-23.254444856186907
40.79244738349347
-590.0
-490.0
11.066591002898406
-862.12726489174
104.31354016332028
71.26840040995191
-1240.0
87.6831559444105
102.04228385333273
100.61753910291887
-310.0
105.9792008342765
-113.42261184578744
98.23688588428553
-1040.0
105.87404081449043
101.57067327265426
103.47333116446538
100.54760444996533
104.61808918600669
-1000.0
66.71872882414958
96.41994777617396
105.8383984725021
-690.0
106.56431480830986
-48.91864002217889
81.79876985797438
-485.0
8.847219396916614
101.14165133327043
105.62066713994517
104.41175319417182
-1000.0
95.00234306255814
103.37727881033845
101.40745474023083
-305.0
-1110.0
108.20078173453976
104.75281156142655
108.55503689431492
83.67636449218841
-400.0
79.56646507892893
99.61330892796741
-485.0
27.00850398070446
100.6097732387341
-365.0
-410.0
73.38180979746376
75.47463324251999
87.1011555136058
-315.0
107.40682748616419
-540.0
-740.0
86.37467685567736
106.80323655233775
101.70741101547813
-705.0
107.62722807733603
-1005.0
91.86343726808126
90.97193460919597
-420.0
107.36338498927722
93.7306802841472
5.269000269934253
104.62991536821959
-1015.0
-915.0
25.37771994857397
104.36095845393551
26.901182296705855
-565.0
96.0794538731168
101.55968296953496
99.46610974445547
71.45073375668827
-440.0
49.046553250770245
6.3617938212406955
85.90268235296087
104.9816127630814
-290.0
105.48730214852453
59.95506982427028
108.23257723262881
-295.0
106.85708692518098
96.51701671784515
97.11418701807305
-605.0
105.48013213765526
107.06193984327953
101.53141764991177
-1010.0
71.32017199433281
-1055.0
106.77931838564251
-370.0
102.42327212903453
97.85863134609716
100.937310550653
57.3610388415115
-240.0
107.31116886414598
-1020.0
-985.0
83.10569591914813
107.70698640091327
96.44307892157559
102.82744018601677
-400.0
102.31777767292385
-790.0
27.470167884200123
6.55001057083777
96.66689997569817
-665.0
-441.0488529488049
-980.0
93.82811569330246
-475.0
100.5690527586024
107.13031138407462
98.06054779983779
85.77179017207803
-1050.0
82.23212431363717
-1155.0
96.82373693692249
106.38301499095218
-1225.0
86.27091749862419
104.32926395141975
-630.0
102.93643561097007
107.93076355080358
-314.04153738361845
67.55033389433419
103.0185652756952
96.51447622821371
73.05975789259296
-1000.0
67.69179011199043
-600.0
63.80913986732804
90.1262989557619
98.98286707741545
77.74460780873378
106.48907718725201
97.96718216852703
98.51204589712495
-1000.0
-79.81526354163549
-1000.0
64.74293248285711
93.11765859352971
-334.7514413854212
108.42425306738954
102.03687610224247
95.99422961061691
-1020.0
106.50150630777605
99.87520538110866
41.25730871808949
-1000.0
95.94009182698571
106.00773625119331
-1000.0
108.054021845567
100.01194446097128
-37.97575255433043
104.17195303427847
-1000.0
100.1067515396843
-1085.0
82.93796889402287
-200.0
101.8031319955128
105.88338837192836
43.43662915465684
-344.61494558432014
107.9446057749303
107.43025811765774
-1000.0
-600.0
98.12189895204463
85.94118172019202
-555.0
100.33665830674212
102.42295540120863
101.11315771142436
99.71330514516157
108.0898764777751
-1035.0
106.74316678461281
96.64460682015367
102.68015981861679
-1000.0
-225.27497538632716
-262.21342850970916
102.42067778349038
31.526069163300605
99.2778447624705
103.93380536037992
75.57468400555372
-427.84655558849397
-655.0
102.11747691362355
-13.70820175511868
-590.0
-22.666314991010466
95.84264000181773
105.51694560131502
11.838107512413544
-930.0
-1000.0
98.45959002359967
105.78500371600504
-28.63006092464589
-380.0
105.52462365973561
108.31611491373258
108.68682485672477
-1000.0
55.04829112793689
109.53592202981072
90.66658555482248
107.39598280834544
-995.0
-34.72560644149354
88.5739665733843
103.9993708198937
95.5354902116269
-1100.0
-165.05642215699805
-618.1990679046125
91.46334504116967
-1000.0
107.50634915508947
-14.457136987375335
105.08943709902093
-1000.0
101.1995678973794
-1060.0
109.62775725153651
-1040.0
10.103641196644858
106.64363824055354
107.22130552620985
-1130.0
75.77752702388052
86.82733359506825
-1005.0
111.55417909361113
94.01879769661855
-1000.0
107.77863717169042
-78.33670804892618
104.77506864067175
46.16346060618139
-469.24919226658824
76.3651788096756
108.02665771610367
-623.3825634264308
106.25037377580746
93.81921862488642
-80.12141924847107
-783.9766766703663
106.3624506767359
107.11308595536481
-153.8632714411387
96.55093254097412
10.508446498087977
36.851711314347014
-1075.0
87.34505052717326
-1000.0
99.76934383371318
97.2857827734664
100.27428580032011
107.04832914359645
107.1958176966408
106.72542843314687
106.22064786357116
25.602984687482774
101.8018410391784
-129.1023987524085
107.5801558190148
67.75430093467733
102.96828114943595
101.5417944631397
105.1681135041904
99.80579291619286
110.35801184143932
100.43111925401455
93.25379376832116
107.75812745228818
35.9817213055139
86.53209498418275
90.92079276820701
81.23250084421704
11.482287318591219
79.817017240153
101.86041200115193
-19.254538789794978
93.78060681911762
107.85013286593369
-1000.0
105.60137238707362
106.31133818715982
96.48619373337114
105.80356366852894
-19.22817574243679
-104.33723231069244
103.89396534366864
104.28081781209829
-128.41729915897793
70.44796747656437
96.06062502054709
106.14021742156744
-339.4113818002437
105.27041844080408
86.13114319900839
-1000.0
-1000.0
105.98012957987441
-108.74421970740764
102.07120206162968
-6.692947207612562
-456.77269200279386
-243.57579426732278
103.72513432235411
-139.1208668136107
107.13984225900765
106.64396701295443
104.7448957065796
-23.649053175826992
106.66137178249434
96.62385412673453
-70.4154595274948
101.13019726144208
-1000.0
106.47248387405499
12.849126138576082
105.12405781471443
36.05137383031341
-63.86792369571336
105.27693627539475
85.93444426172381
104.68549695484904
-23.627543762114
101.00700813824079
-1000.0
107.60259089973104
106.1012256501361
-203.4916600910282
-1000.0
92.17885035389477
105.9132325474759
81.06545756818171
107.60392006063925
90.43499347248775
107.10395409455916
105.77090873078515
101.73156124414763
106.0093605380363
-816.9236399633949
-1000.0
100.94783160162294
35.019431486956236
-196.05065112209923
-1000.0
-176.2488199174055
104.95719778107473
97.16745571742949
-24.82308549639994
100.9366330406753
106.72605903380203
-1000.0
-118.10247499250876
95.75591575254109
-93.89717905859058
104.52477162084969
99.54994257603703
-1000.0
106.80417621563734
105.61967815585103
107.68034335317337
-394.42057814474344
96.31043588064885
37.56874141515199
102.41234203120388
-538.3336976122224
102.2449876912927
95.2872410987554
-1000.0
104.38878609334176
107.79275236539402
79.24353834678128
69.0267989582355
104.26464264396999
104.41336817953129
-839.5368379442132
68.73023012774641
100.01847618090919
-548.6701487336346
-874.6600053326639
84.76207781755707
101.44726989235622
97.75607534636464
102.5507955621315
106.42847490450202
-363.252422980188
101.2326997587936
101.74059091095614
-63.89156949074403
106.46108666686594
106.38977274950152
102.16490111876716
-558.1052334253577
-1000.0
45.35652206375566
40.30321493330939
107.35558770526849
101.58602813477204
-1000.0
97.27791353990253
82.344828193633
-1000.0
89.75313622346624
79.0391079414543
-1000.0
106.28077119217424
-875.8316972436747
89.34831239007471
94.76162724756007
97.45521566133036
106.53420539071948
103.44818340693367
100.88227190750573
-73.58704069591263
107.84556914275882
105.79156233206271
-45.19591420906113
106.97591955179814
97.78917524794254
106.06911835482366
92.42400868186061
-8.636254067753413
105.81142633833812
-327.71827744880693
104.30825051789299
110.94250623143978
36.89910729083421
90.96171020760345
104.69717166960656
99.38416437934053
103.43571360678641
66.47569313524373
105.44470023159506
83.67606519628728
106.25156828452052
-1000.0
-414.1821311439238
31.570726549473278
100.28069860960885
86.31127761126845
90.53938587674678
100.59309970061344
65.62726676185156
107.66794218071347
100.92505449218774
78.39303441484924
93.8542106793208
100.5412903768129
105.64905545174271
100.30610878475342
107.38418004343787
-174.80303330454623
107.84738609430028
107.38152983971604
-67.28169412682325
77.00506929552814
105.50082284506058
106.18939781549214
97.47093533864609
-258.04176833680737
102.6552585567078
104.02556137292723
100.44227020199267
-385.0861440855801
107.52656638745603
-1000.0
99.20096279583336
92.10983403694222
-93.55457092131277
75.76037415685015
101.73465787996432
101.52802603912053
107.93430528245779
106.84464414086982
-1000.0
108.36965307343236
107.79370438104942
96.22855965629144
96.44855295463466
100.42956465693084
106.57365880650434
93.07774360594316
-1000.0
-1000.0
-1000.0
76.16805000799317
101.94529026786357
88.97135151104635
89.5599151717049
101.0155465839145
106.82145924377535
49.78513519674179
101.97285309734106
107.74524547397134
102.52687795600075
69.22489003098624
-1000.0
97.2841173816241
-3.563361887793718
108.55143092948236
89.46965452943884
-1000.0
100.30589757933909
-1000.0
94.68010627595397
106.28064423030997
103.21433600758724
101.25687253878509
-79.48187143989807
-861.4612386584159
86.31853420728135
107.34020524756316
100.47685102398935
101.04528400785725
101.31363776646279
53.36627759660736
101.24905617731103
106.51453453659572
100.48175851300957
106.27417389242623
85.1868156824099
101.96025802241805
106.56491626691431
82.17883978954289
86.9190709955063
103.06117434743952
101.15828216814252
105.90175040916934
-1000.0
92.73063507397309
105.37713081934739
101.56768006038783
-43.873302780576026
108.24061765907686
-1000.0
107.58839221949657
105.62037543823433
111.00626305388326
93.09296221709207
109.00508435456275
90.45668381449752
-1000.0
-1000.0
95.90127267981238
-1000.0
95.48604355978699
-8.922966307270187
102.45701704149248
100.72640841656028
35.25129793914496
107.6998617510337
107.90061712852787
85.53956519179283
107.45338461940511
-1000.0
-1000.0
16.28657482328606
111.93057463203306
-575.6366549334919
102.31865580587105
105.63040719804584
103.31512919595122
65.34134483711506
-287.9169028832338
101.27900648405004
102.04689850424593
79.42850739171205
95.62234293763814
71.55797467916587
106.81586765406978
-205.95617758973162
110.1542367753516
105.33072021089009
-128.84987187589752
36.25389502488173
-633.6637977204913
101.94215544671722
-1000.0
-508.5947065272898
99.87555953166012
112.46158645138946
99.5302124338361
106.89941519182446
105.79543592712972
104.37222798257204
107.44327566401469
104.91093508097694
102.6385457214032
97.48242514312838
106.18028885282652
97.04324631749333
100.68363894690151
102.41830508850427
-69.99564370172281
91.29241322528645
99.93036606899908
95.58892884012556
108.08283608026498
107.96999000921048
-1000.0
100.3704465050692
107.14642953457599
82.77118711558936
105.52372722634107
-1000.0
107.18070093859012
70.02762416537723
82.27774574959594
106.91165423459893
-1000.0
105.9577874516542
29.036612874946456
108.101438927021
-1000.0
106.32128122030736
102.73025073546609
-304.6359187729055
1.3242682244798942
78.00726428028676
107.02412256787667
94.93842346025306
96.41396916293954
23.104424961821465
102.40815533459914
80.26868531378989
-1000.0
-1000.0
98.07344796136707
-1000.0
100.82015358888341
-116.22723409858799
110.02578929918201
100.35367381822104
107.2294387601892
107.67123433874221
100.04462140515923
90.6074318777287
98.19725509191515
100.50561221281698
-64.41371508871191
-1000.0
101.50996136693136
-1000.0
107.17220515189736
91.21890374260282
108.8275603189073
96.24072537489313
103.36474970694195
105.5946577905043
76.2237747925061
105.50593004262565
87.14330558052437
6.7959638645229035
-1000.0
77.19443389075472
106.86153326607055
106.4667241377378
106.45053054055454
93.5186179545612
108.16190643184348
106.35743762745938
96.18149175938852
102.49931839121338
94.6475990878763
67.58196970821245
96.02707219179793
106.28384614915336
107.26989785874378
-1000.0
-1000.0
102.36145131408787
-1000.0
99.09706506716603
-1000.0
102.47193951528044
100.62553608305234
102.12410883980844
107.06329132611295
108.48020307071212
95.74052059389416
-326.8645743126332
-178.97355074322627
81.21672604565325
102.08466181383018
101.8144666575646
102.17722443704548
106.04296020781915
108.17415043734712
-152.65053035693975
95.69459891098279
108.87126544434992
96.55465353344863
-158.2211601672219
36.502714761030546
102.73465461863819
98.77455464479725
-29.580555205503586
107.28399196216617
107.32050054195868
101.57199973643199
106.30173976578877
102.91932167215549
104.63420762244176
106.30313432801373
45.90887066152797
-1000.0
92.75820455862717
-1000.0
95.8033702748929
86.10798029902647
101.1423644322893
106.20223724906728
96.61218254655142
-1000.0
0.7912019221761852
111.63756070463192
-58.837646144968915
3.118169465339122
106.93821815217662
95.71828817215555
106.18726808753037
-1000.0
101.71348258920519
-457.80710977183173
90.3383508993534
104.9836378280181
93.3018332638158
-1000.0
104.95814552924418
-1000.0
107.2240142762199
105.62358833520807
-1000.0
90.40650340740135
101.53533157186124
59.75043389516469
16.820507928191688
-1000.0
-1000.0
105.22565798798232
-1000.0
101.86564516819797
93.73328186889815
34.945564044693896
105.70578850115785
-1000.0
90.29495348942929
-819.5238119701787
103.0765531700379
102.1066226140909
-354.5233921379277
-429.4816641015784
101.47575086736504
105.31012806697976
102.39628587132682
104.93009779435178
99.5984886621836
71.31267980072985
103.30350633416944
96.0637150970063
96.25419204026616
102.07552856759011
97.20398876617824
-78.59133907728257
-393.1784449179807
101.2001022803712
101.69740226427254
97.79809394826643
108.51983036756023
106.84098503995034
101.59188470238465
92.67405592183793
91.06549134484754
106.5635050067827
105.60248126163447
70.22390628349217
-1000.0
104.29449157896882
105.72358531602696
107.51545287762
-1000.0
105.13695940140154
50.75797928111383
105.68597055633057
74.01246064997758
110.13429815534941
96.25725144992332
90.2462033359152
101.15875060052473
56.97579090962006
103.18256065345822
104.92956268207868
103.08369094389548
-1000.0
107.43684861100817
107.79302221887477
-1000.0
78.58660783201688
-1000.0
103.29698882443762
91.78464710623945
107.43756188994978
-1000.0
-1000.0
-75.52096167174163
105.3359359762245
105.85984235694016
106.82558969646988
102.68229463986185
108.33499314140084
-38.491966966728754
105.34412812864579
107.38265401040495
-1000.0
101.34301256912175
104.97733345839504
-84.12184923232188
102.39379106436941
-159.20445870363417
47.53694446143719
102.02796272602251
102.5317608231186
103.30181169822225
107.00795632293361
99.76150727398269
107.55969367930341
102.1775570734732
-1000.0
102.84668907715427
85.9038996981478
13.992107637981064
-1000.0
96.72633887279761
96.61381459037692
102.55787406045295
89.05465137389308
106.65847451358997
17.16632176186866
102.48060994029305
97.3254858815952
96.35467599898534
72.62152259067463
101.13261387417886
101.6194641498165
105.66453281836486
107.67992727668164
-807.4259092787294
106.50611294706587
90.18836665256526
-1000.0
96.93269750333451
96.69672866127118
61.05400981702198
104.9394303796413
-1000.0
104.35421441182727
101.92252998802773
100.97380514644732
-1000.0
61.8776344602816
96.849129326474
-121.34930610885556
91.3900310431967
-1000.0
-1000.0
70.61186257062813
105.49988575435394
108.6303610885561
84.94523527227237
102.94945709669462
93.36131652490829
99.28304621462703
102.0548832050038
102.2865311946714
104.72658566588166
91.76385964732859
104.64405263104068
106.4153901775576
95.97957219319261
102.36748210631411
107.12052681388664
100.97908606988281
79.17205624282136
108.60486184447403
89.89050852745025
107.2384044295301
81.22565617976612
108.19602138773911
-53.85965086672502
105.50139535295416
107.33563574736195
102.61180891617377
85.12992080808239
-1000.0
-95.53461857144443
106.84144165828738
106.67171122568283
-49.26200979181688
102.52671505215248
97.33734754674975
-9.233909750058558
44.49981412191221
-275.0693820427721
108.20797746962143
99.88048537998819
102.27603728181036
97.44092512966171
97.97268856430347
80.8138793588701
101.18099022528898
-269.98989666941156
107.17663912388367
106.78032029100905
103.54608352439952
107.00936604774765
75.89412623695475
78.34985597831343
107.72021065859406
-167.40417263198518
100.33953885700225
102.35747252924982
106.31436811703038
101.34700405219678
98.53288522937284
50.61702383156906
86.80032009390318
85.22430565519038
102.77548974629164
106.64263550901155
96.0935961368759
91.83130729617842
105.28542305852045
108.07951947548929
102.29390416699187
86.77820230031912
10.759256966086639
-1000.0
106.74758720040643
106.06701007455483
105.06865633319691
106.58242713794513
90.83098445434464
107.59468985267776
-436.7415444195598
97.98331975769271
-2.382511494386236
-319.61483242461645
65.6222066829082
81.07910961748746
107.53656890088904
107.49289800252907
-65.11251779173243
-124.10982595591136
102.92200233549187
105.49089194805222
100.33667905045165
107.95165490254607
-321.3027434579602
108.18331808561169
110.29069677010531
77.82544456926347
91.17985529446842
96.27142010758558
102.25327252880548
96.08140160166478
-776.6114382793892
97.91708300526182
72.63400438124236
-4.615439508205341
106.33426961486717
100.86530235781105
107.35915244151104
106.77346120512505
105.67236578097416
108.87051112432022
81.98889554657967
-1000.0
107.18302194229643
-1000.0
105.68818122303972
42.147251515511186
106.8942969080847
102.19467406827205
107.43693141709953
92.65988796317792
96.71599811051894
102.32456167714773
107.00246814072548
-43.03826001420265
106.83343148086671
-14.909294902938683
107.34851853082482
107.3639473396612
-190.4612221405118
-1000.0
102.43669152767384
-1000.0
107.80944951050508
-48.53931783945944
40.50485477140775
107.17886806257437
91.96439722650099
-83.93430888416923
101.1401930996823
91.82697946532294
106.48638012461103
55.47506581038762
-32.386401327421126
17.822194737666933
67.89698578184436
94.39768447727523
-24.74354467284951
71.07409843275258
92.80348129714731
55.55147335047718
-1000.0
101.09077624734958
71.28847714111792
105.55691247445763
106.25995902426708
105.32246611251597
102.71253167687482
64.68284915393212
42.050431227969284
90.66438586948894
107.23326183006682
-393.66918192700894
108.17255473887806
98.00944132415778
96.96543196015315
105.57120682564332
105.58580172774923
-9.548573827120933
108.6963160216639
97.15343580095632
87.28394943405695
106.52560342069619
99.31649204840296
71.5806808657668
107.94788226023732
106.28864442072746
100.0785081216824
101.85442779766669
78.93227825976707
92.17071700645
66.23972158242523
105.9986597251229
91.30731209762509
100.21843520066045
97.18457194256561
106.23398855908681
76.35255318930113
46.27889805378082
107.6417214681502
106.28764521986868
106.30041186985792
105.1853106224934
105.64695445888255
105.98842404795101
-1000.0
91.44018931758319
65.1963384488877
102.7384248506117
107.58528817972974
55.35775276799822
107.02732513340875
102.47408988040516
-1000.0
72.25011971768109
105.54932959117613
79.26323090429233
-1000.0
90.5768595882686
98.45689571142762
-1000.0
98.4512868301688
107.56912972289129
101.11246664025455
95.83951848728303
99.85597656833592
95.04909770440868
107.86530418111532
101.30938988875957
86.08964880696533
86.3713744481822
106.96911896336869
-1000.0
97.55885366495887
98.05267655017977
-113.44186035022696
107.47871714129913
102.43279833000807
-1000.0
106.7174093290881
102.83930501716684
96.09150293404532
77.23872695223892
106.80894074329522
-1000.0
92.12113254649496
105.80031516138015
40.57399007662053
93.13992922795026
104.95637565987778
-1000.0
107.4977181397648
100.88641852726509
-1000.0
81.44589315519285
-1000.0
105.45679049844114
49.79967830110513
70.3725641137084
96.65637027619488
107.40154203812564
-1000.0
106.32386558794434
111.39950452071241
101.8300923279526
107.28600010437813
108.49707993816034
-1000.0
107.50271355486692
70.33012896813705
107.1958678891159
102.92419021756959
105.91206043358467
104.48588281154483
65.40748918302421
101.46799728655999
-78.53347460940276
110.55164046624597
102.92748060808576
103.77103913520409
101.74234172416723
61.418623257468255
-1000.0
-1000.0
104.26944829144945
102.33249794743554
-1000.0
96.77631657387705
75.14310393415957
108.22199524251423
-1000.0
103.13774369688255
12.499335700815948
104.64780510437357
100.41060591012005
78.21590174594891
101.94631549546077
105.6543947829174
106.42527902199589
98.4554048877263
107.78131694391206
101.57156993917607
96.08943127280867
108.02008661382872
102.39519602585219
106.6921267791821
105.26166811040923
-1000.0
-1000.0
-123.91271877662356
105.21061274825382
-165.53556533323393
89.33647631166858
61.10224663961927
107.13492625647044
111.3684963872316
100.4326973727841
-1000.0
-159.35773227253833
70.79908823732885
-159.83970215881888
106.2565924313529
4.3062850714181025
113.70041936350147
97.9591582401521
-1000.0
-1000.0
100.90888231789314
75.71528424335527
91.44235669656781
107.12995597454594
95.99626347574551
-42.905573239886294
101.83174307364608
107.96603139587695
-157.851640333104
105.65778503239181
107.48632042267425
-448.90732495642135
100.03229550912559
2.4283906770288723
16.138093295504348
106.43590714949579
102.16244269687819
91.63826260629858
-1000.0
93.94257798979454
101.76273981047727
-1000.0
108.4044245876587
107.6240270954675
-208.78166896776665
108.02681461706652
91.12659947458025
100.0711155207097
41.369428161329
106.83506978035702
105.67259948349191
52.16169918568855
11.243547331616838
105.71819230941294
-1000.0
-1000.0
107.01753175518377
106.63302760150432
105.93730155830336
98.67897419748721
-80.68657191901286
107.03239999337129
95.40062755438518
30.344917402997567
107.01921312266187
-1000.0
81.04285792372691
101.89249427006453
106.85203587318759
102.71880003091738
-1000.0
106.03397321490692
105.85614060171767
107.63549784789785
-1000.0
69.72738897996169
86.97771214345562
106.61146341050127
69.71367726450879
-148.84130697090802
105.9183361460185
107.47727068837364
96.11420375163729
105.60374258459645
99.63630760971523
-1000.0
97.23290340273346
65.85271175349803
102.30373280797558
67.55351394381009
106.1288467557464
46.23174991729188
105.40188025522062
96.03228062540693
95.90579640681099
101.18470352176799
-5.184438666271447
92.44341183162099
101.74158991308931
82.5373572253052
-28.44820517465378
101.72309138398795
77.75905624909292
106.66031172452932
105.16289733654239
-535.5503038105969
96.73726205325539
100.39120595102852
112.78507803062698
96.43929067077227
102.84435182335328
-198.80593830707951
102.42413897387655
95.67776983579085
106.72677950291418
107.46405313865453
-173.50642962510665
98.69918216878096
-1000.0
104.81664365537503
-809.2919837916792
104.94981460001112
103.2869542665582
78.28487002466419
97.60714324606441
89.96092489163998
107.32083538394718
107.16099866522879
104.43790002635156
85.50221451680494
71.56694796357756
98.13156151637143
100.93844640193409
95.6263532115324
107.99554335277966
106.64789849639607
-1000.0
99.95950917108294
-365.4402929464276
-244.05384799686672
107.67891152486848
109.31753443992926
89.60024012868578
96.76275856911712
90.56988570843248
84.99125370328915
102.61736243771682
-639.0851067607639
99.84421785425077
105.4416178293394
101.00677280901184
106.750584333751
-52.343555448276874
100.93494207190605
108.1716779961613
60.464503991075276
-41.12743182089646
64.75326995603959
99.97304623452371
101.55966935286203
100.68546879161538
106.4942413964944
108.63844342763701
95.83871191630448
101.3978331241675
-43.272192829049374
99.91270083002371
97.37099397408313
40.97913088555897
98.29049900244183
87.15262735576601
101.48643764152911
87.03475562719754
89.50793024333159
101.72578582446953
99.26705266801052
22.482209283701934
101.8217740644593
101.16992358715486
41.020517039958406
105.37076030625124
97.34788366594331
103.01162710002987
11.926351741178365
45.210522913902466
55.37736115936494
105.37497756198157
103.70687492942571
102.38514687339264
107.14980135884106
106.33506707252096
80.95113931853132
106.11265744787954
61.227341340813155
107.2050514147743
75.68676049676539
-23.41863885958574
-46.33100521754754
100.12139120156789
62.101024821043396
101.43149021855201
108.07341986687021
107.54083367965703
-48.49661968275731
102.11414450943394
88.06907541557504
101.80282381080485
-28.685015103953077
98.16003308946642
106.93729210368082
107.44906943592196
102.6793814971851
102.22455089529
94.87794061626661
95.43886551557543
103.03174888786971
-202.65031429157347
100.45700202906556
105.61041914914378
101.90617439508796
102.72445552247154
100.87105487909079
-25.78701585853601
60.694729062588124
107.3792456291303
71.40464904665856
-199.78386692311406
108.1818833481416
107.30927446084564
106.76987902419012
-415.016298852823
102.36589657614479
105.8172045606892
101.56507144827569
106.91904668929584
102.38059567580842
102.92768942495755
101.81169887607739
-324.24255201775327
102.69855104026536
107.31556664559152
81.5050422138875
60.447087718124735
102.38347725184232
105.92419505143896
96.87645215774177
105.37844386233458
95.59111694827244
29.430853656902244
-13.737336910439382
109.92293339645407
72.26133899976972
106.13114363572593
107.65254903335386
-149.4208990374092
85.03200410194222
100.73341194874482
84.94801064099667
95.76301867519605
-1000.0
69.94446777346197
37.910240391136014
106.1480438027256
102.27090803319251
8.624976056976408
106.39738423416233
77.4990008353397
1.012171368878768
106.1324612296338
16.272343118901574
105.05452522080604
76.86723168187923
105.36104077097914
94.2557358010445
97.32638079436694
102.47031819510802
27.537245420859634
64.34934446207812
66.20336550126943
104.62312272775718
103.11381662637855
15.754556109412931
107.2468544334514
99.78213621412726
100.85635883916436
105.60118326929809
107.15362101179743
36.64714070536317
49.18125537649925
-40.12222552146348
77.22601192576445
-1000.0
109.94682291258056
-48.94825044782998
102.94842317949504
76.24751814107609
108.31862536524335
99.86780586448472
99.73556356317219
105.53055656832412
107.14343433289237
105.85996450224071
101.70203068072986
100.77287481878221
100.60516411346447
94.84686581230159
105.4583629536041
89.9268148693412
94.03842774128186
91.75686167138957
-63.01019563236977
42.49711511257843
87.61914457463895
104.72025218503404
107.74549438971498
105.80831579407214
95.60954625912414
101.82214900141275
106.95194727842636
101.5030402719156
109.02734906374548
106.16041276560924
98.18661198538523
105.00276726713142
104.93964761617505
106.23043561195934
-26.63218980379638
105.22863050927572
105.10082856605158
101.76068155582243
96.93867481433172
94.74403039597733
102.63138675287607
89.62728828091738
81.08656260611068
41.619215260186564
76.94784104283114
100.86935273757341
71.97560131955869
108.9774864767049
111.14954458863491
32.4422124698239
106.97163210853454
105.58484909420406
108.65750104271083
-7.911352922657926
45.1322891679316
99.48956168983696
99.70713546127065
101.03762717511772
24.885577456906418
87.17977181578019
101.88445438566686
91.44724401211826
99.9863560592859
79.27184860936416
99.0268445802271
97.91759769435428
102.45300101437223
99.3005609513485
60.136777137493766
101.99351741554534
74.1117463189707
13.876006531845562
86.38393566606318
85.87386385788015
60.496998526597
99.68426089174544
78.63641064260067
98.22633966641477
95.58163398234036
95.06397592752333
105.70496304098444
105.21105205736241
65.80323920384546
-137.23765226914264
107.88402686682254
107.0519542571578
39.24680696452393
105.3939569976398
108.17778904972832
102.18083479347521
105.36700565244935
106.6172481482419
103.04979919466895
7.29623869265582
102.99975284503213
103.72593879292212
105.55795255232249
105.5555182692093
76.58750675776079
57.15910992957619
105.92469258826472
-179.02346879389643
37.624443880344245
96.43157057887922
105.62985477450665
85.94687801817477
91.8890422570586
109.83183273730779
105.94499170336451
101.41575913104708
103.98595460805035
47.99991596120647
101.85719731216949
-1000.0
100.48230901224188
105.24255915522929
102.08381862496957
101.17865216370708
-44.03506692180116
61.24607317139606
106.68818559308025
90.90454086780129
30.30824598869488
80.88646808807006
101.75413803908447
107.29183859717028
107.2216044418908
105.78281094927392
102.55979541127917
101.57501112769395
30.93545285828229
108.1745062862773
106.29874364603273
44.68700645965457
101.69234490401294
107.63597691603364
99.54576918602893
-248.03897659676983
110.57193325843537
91.55984967679672
103.60892093386148
-98.69772928832376
106.75953609672924
102.11786759561517
92.57930896937104
107.298784028213
69.47262418108372
109.15417288113501
107.7421622945778
102.72033868678336
62.75951848139
109.84680248428529
62.242194657852764
97.38982588173204
107.62693431622941
10.893849668664956
108.67470702430823
99.51376742920486
102.9772091138905
107.80670526727492
101.93325219099344
108.374247255011
100.16158423051345
100.45491925064817
105.73206766128514
41.62331424813276
20.68367797696304
38.988321745813934
92.21929441875865
104.47661237935361
102.54203090499269
-122.77555242838054
74.59300996655227
-45.296587214942136
106.89389516988804
108.88203557454567
95.59189717669751
107.58237389332194
71.11188417422437
105.24841430572658
97.67985675439252
101.34654562321043
107.06649492009207
106.90883851351694
96.70499782483736
104.16749163938066
95.81955925757458
101.6247811798565
102.20439392116904
108.90472315715449
105.42048016312248
58.776992123212324
70.67471770107164
93.02949597671173
112.46875924007954
95.7861855550577
107.06404522810143
104.9817141780955
106.90579239007388
9.816891601409438
101.86734027763396
102.35213982994435
100.77002536703
102.84114604104462
100.51080763638092
-47.59541150101661
100.77580532161157
69.76353533843273
75.66586909693231
34.709022308399256
22.203540099909105
105.37049542179008
107.90274613850033
105.32291986453271
107.87415694702338
106.19754987496592
84.04029144828885
96.2132397312569
-93.36363581981281
54.53099924803169
96.70719827316756
102.1453131540919
80.19716905171782
-80.19074771732276
101.43522146097601
106.54095551130183
101.99557921684067
107.72555226870828
112.70609384931085
101.13070441944717
104.46752771942185
103.10670138768899
107.46776682047361
98.54038623795282
105.72159834542347
97.62943052952208
-552.223334108817
105.40170628755867
-195.243379468312
108.58947031565907
99.66300054125401
100.65746167271945
109.31446900589904
91.2734832047262
106.7940412096023
101.65022861869188
-41.11820345204649
41.621655880848095
-454.8262413664653
104.71913988085839
108.23955534713788
98.64878275377941
107.43271849895575
100.88993275066743
97.81970796458886
107.83399962797705
103.43359298256303
100.34847214134888
105.37756711593264
100.3536982268207
107.04631454169643
100.03854152442966
89.12387013213952
103.07211213231712
64.74410874683306
92.36579332314967
96.56293710112492
104.18635398011291
105.37064304182614
92.00185470789782
92.08229703342161
81.22399806683688
81.44688427323958
90.85554940470155
106.92958627152566
100.50814831132327
105.54407017760349
105.36381943577913
17.494464667200518
46.57649954855046
99.40977814842702
107.60059149977516
97.52325879637688
104.25052068348413
92.57594336556858
1.530604354632871
-318.0953898412401
107.43440198419182
105.41640416877682
99.9992286474112
-159.32474155160517
20.826099170379706
-357.8688730657686
95.02071935303113
106.34615947969799
105.21883044982741
106.90711102615734
90.37680046740124
102.48310985046096
107.53772711493122
101.59184251326577
101.20988690333377
97.46198314883247
77.46448706657473
106.05690297585954
107.17347298096506
86.2756772970838
105.33072730631183
102.71291147450566
87.42577268656966
-308.50207863757424
85.61852877996365
96.68547622331158
100.06488964579249
97.46819514554761
91.5840448979493
106.6276788291695
105.66767309426606
60.76419572073404
106.05683731060603
91.25674943203515
54.14961556303169
87.22716585646342
106.76462371668067
73.8717306341781
106.14720647918725
106.71958282238477
106.45024992978443
91.73583251031097
26.04824729528046
97.65749443464144
70.59077523366008
91.15092399643186
106.19487287310947
106.83832724639878
102.22818232058366
95.01561255590462
106.6510867343117
101.91733699651975
106.51435829352502
91.58971854334153
91.77538674969668
106.25036270463598
101.73932790510082
97.57643671080652
101.28988412058578
108.55646153201293
100.34216969175418
97.30656468623184
105.51471772633462
106.726380835525
97.79726027885529
53.38769157225721
107.92425957371168
105.12932436571523
107.51374090724246
75.08010890023058
107.95376745454753
100.9692832333922
86.56702884741483
97.9701111814158
93.43359216639118
93.79144820806226
107.41637265724592
102.0460395928839
96.20401478817652
92.62964103015608
100.01227421832937
89.86806741018634
102.37878081090042
96.16416207834126
35.918143087777835
104.92303882694327
77.14709636124938
105.05587378439171
45.10267760652356
93.80847772312697
102.5192290618676
100.45024447530719
99.81867624400154
-10.691033362019411
101.92444341564249
65.78926356588877
3.6706822461047466
29.407004653449874
92.79310114832988
96.37181310577017
107.21969309828589
-213.8780768677648
102.30464127627492
85.18543986227075
53.31285794011794
105.80572751389431
105.02208188449586
107.46613204361402
91.1117009339616
102.5673560873473
66.01260664606599
92.5647993210367
76.7420253630148
84.00924120109502
87.55108145628917
106.07297231004
94.59307702138048
106.14379924372861
96.04037902269627
98.86145895893323
107.89496670511453
104.72784441563144
94.68663206047799
102.8892698425495
98.02131614076967
107.39974125803414
107.11991941663305
86.31883804480488
101.98755807581537
47.02674814474426
98.93229032964445
98.40233388628874
106.46574716240279
61.18604232050575
95.28635183118186
-106.13048968321898
93.57240946829678
106.85336037034301
101.61240085583714
92.80400677602702
101.14693230680953
94.05892702511493
-3.075508199803153
100.53348040719021
91.47239645073591
107.65393971254665
74.77799438080046
43.07003253844307
69.13790966011331
104.10186223315901
105.12115395292466
106.1695901283343
91.54457810846512
57.67736095895408
101.57160087845638
71.42847056469365
106.42251590706174
102.09216414478881
92.90012522931086
105.97254789344754
105.36242886795782
95.01864949901358
96.40324571907692
70.09410450191115
102.43710578659608
102.76384111027554
94.5301413672507
98.65505518670624
-0.8715876498675073
106.86656489444603
-7.26497535472339
-204.45019832793304
100.24348347126322
102.56346395494103
101.42800078412955
102.0716083618303
92.15749439985743
102.01209643176979
100.10809663605214
106.02119789010501
61.5337286000005
107.31763119090485
81.05408287274228
104.33169729475469
96.48106068263641
102.13634874660697
103.012077355685
-30.68742931654215
105.76356622167943
95.9753846403892
101.78135725117372
105.97410438838284
100.1934206343509
102.23021768031032
46.58805327177666
100.91009226795295
107.70153617457511
96.19432261532944
101.6544446023218
100.18726302636794
96.07664954139469
103.00406558312145
92.23644022589855
36.42535661646265
62.67218649003394
-35.14472316968174
92.0016718582693
109.61260434752212
2.2931049948483206
107.38277527309948
100.86287910526812
-27.4772087338564
107.27227859662929
103.13205586770864
35.570440387311365
39.32895135791006
79.4233812772395
71.10207938204184
106.70096448135939
111.193786766215
106.33940971741909
93.70010819720406
106.1935470787583
-203.956634463013
102.48475180658168
101.23345654767917
103.9700626855651
62.62058948168456
103.69519735190573
39.57621698819946
25.85604439650291
103.9717344353154
96.74553300107794
40.66429691582928
107.05923290306443
101.67299943912514
107.51592444369356
73.53817980076505
97.83621687731794
107.5615393875033
102.20390014772303
106.89395571610422
107.53954822484138
92.5447652628071
65.35867230127462
100.11267345648963
96.79251152910828
97.89426940820445
-234.02114595234792
101.24694688414652
104.5834335824324
92.149779134678
75.51038416548377
102.8955281998322
-29.752881010478063
90.18853021653666
100.86650277523852
85.9102018393857
104.59447468330688
-44.8427771843846
104.19936430735477
100.77269885469224
97.04657737390036
104.64646128009323
107.29360409879052
106.89405739842975
100.87562104368943
34.90345534148187
95.59000265161556
95.1496566302034
106.39222865571111
102.22894271665609
1.8966505307593877
97.84320373160745
106.25983647301334
96.25935503306196
90.5390596716559
75.47444328474874
89.85025196924623
101.71423145189885
-50.617350296788004
16.489150945799693
75.39475339243444
106.95555705932931
108.07784217368234
107.85595424626098
102.86976725748121
-56.7273409043389
101.96854911206157
87.66537318502999
102.47127172625616
107.74273761413467
54.1173164230851
-763.8170067590074
105.68013891187228
72.19979701968042
108.39526779629118
102.23881630278032
-89.25372148087757
101.87868273714253
10.686372642332017
85.76843885904496
108.74845596496823
57.553794137011636
101.32656059602381
111.53509958777185
92.04044627063242
81.62783898218674
106.30229990366806
-63.41438340282434
62.77916461186628
107.00081430912041
107.99062062770673
107.71233514879732
103.31720771558595
62.02512078862212
99.87508958533667
-67.33057906036706
92.09787858071985
87.77945307425178
107.24378378210808
106.35146346205207
104.77258369095665
107.27157569997286
95.00320004958859
86.16270048164488
98.32690315678167
96.15571870626191
106.19869811212475
105.56217708195487
100.72547947474384
33.45561420923582
105.7383249263674
106.39816004667288
103.40324217210448
55.556329253699346
107.02081984856537
93.72338924162281
106.61232197372505
-20.651312829848194
102.2255049343159
102.17567688262227
106.44689069344999
100.31513638576273
106.73921543052542